BVE1220000
#ACCELERATION
0.26,0.26,4,4,0.999
0.36,0.21,15,40,0.99
0.56,0.31,20,65,0.985
0.86,0.36,25,85,0.99
1,0.55,26,110,1
1.1,0.62,32,46,0.998
1.23,0.54,46,65,0.995
1.36,0.75,40,110,0.99
#DECELERATION
1.4
#DELAY
0.5
0.5
10
10
10
10
#MOVE
10
23
80
80
80
80
#BRAKE
0
0
1
#PRESSURE
300
310
500
580
#HANDLE
0
0
0
0
#COCKPIT
530
2900
-1000
#CAR
40
1
30
15
25
#DEVICE
0
0
1
0
0
#MOTOR_P1
-1,114,127
-1,114,127
-1,114,127
-1,114,127
-1,114,127
-1,114,127
-1,114,127
-1,114,127
-1,114,127
-1,114,127
-1,114,127
-1,114,127
-1,114,127
-1,114,127
-1,114,127
-1,114,127
-1,114,95
-1,114,95
-1,114,99
-1,114,102
-1,114,106
-1,114,109
-1,114,113
-1,114,116
-1,114,120
2,114,123
2,114,127
2,114,127
2,114,127
2,114,127
2,114,127
2,114,127
2,114,127
2,114,127
2,114,127
2,114,127
2,114,127
2,114,127
2,114,127
2,114,127
-1,114,98
-1,114,96
-1,114,99
-1,114,103
-1,114,106
-1,114,110
-1,114,113
-1,114,117
4,114,120
4,114,124
4,114,127
4,114,127
4,114,127
4,114,127
4,114,127
4,114,127
4,114,127
4,114,127
4,114,127
4,114,127
4,114,127
4,114,127
4,114,127
4,114,127
4,114,127
-1,114,82
-1,114,82
-1,114,82
-1,114,82
-1,114,82
-1,114,82
-1,114,82
-1,114,82
-1,114,82
-1,114,82
-1,114,82
-1,114,82
-1,114,82
-1,114,82
-1,114,82
-1,114,82
-1,114,87
-1,114,93
-1,114,98
-1,114,103
-1,114,109
6,114,114
6,114,118
6,114,117
6,114,117
6,114,116
6,114,116
6,114,116
6,114,115
6,114,115
6,114,114
6,114,114
6,114,113
6,114,113
6,114,113
6,114,112
6,114,112
6,114,111
6,114,111
6,114,111
6,114,110
6,114,110
6,114,109
6,114,109
6,114,109
6,114,108
6,114,108
6,114,107
6,114,107
6,114,107
6,114,106
6,114,106
6,114,105
6,114,105
6,114,104
6,114,104
6,114,104
6,114,103
6,114,103
6,114,102
6,114,102
6,114,102
6,114,101
6,114,101
6,114,100
6,114,100
6,114,100
6,114,99
6,114,99
6,114,98
6,114,98
6,114,98
6,114,97
6,114,97
6,114,96
6,114,96
6,114,95
6,114,95
6,114,95
6,114,94
6,114,94
6,114,93
6,114,93
6,114,93
6,114,92
6,114,92
6,114,91
6,114,91
6,114,91
6,114,90
6,115,90
6,115,89
6,115,89
6,115,88
6,115,88
6,115,88
6,115,87
6,115,87
6,115,86
6,115,86
6,115,86
6,115,85
6,115,85
6,115,84
6,115,84
6,116,84
6,116,83
6,116,83
6,116,82
6,116,82
6,116,82
6,116,81
6,116,81
6,116,80
6,116,80
6,116,79
6,116,79
6,116,79
6,116,78
6,116,78
6,116,77
6,116,77
6,117,77
6,117,76
6,117,76
6,117,75
6,117,75
6,117,75
6,117,74
6,117,74
6,117,73
6,117,73
6,117,73
6,117,72
6,118,72
6,118,71
6,118,71
6,118,70
6,118,70
6,118,70
6,118,69
6,118,69
6,118,68
6,119,68
6,119,68
6,119,68
6,119,68
6,119,68
6,119,68
6,119,68
6,119,68
6,119,68
6,120,68
6,120,68
6,120,68
6,120,67
6,120,67
6,120,67
6,120,67
6,120,67
6,121,67
6,121,67
6,121,67
6,121,67
6,121,67
6,121,67
6,121,66
6,121,66
6,121,66
6,122,66
6,122,66
6,122,66
6,122,66
6,122,66
6,122,66
6,122,66
6,122,66
6,122,65
6,123,65
6,123,65
6,123,65
6,123,65
6,123,65
6,123,65
6,123,65
6,123,65
6,123,65
6,124,65
6,124,64
6,124,64
6,124,64
6,124,64
6,124,64
6,124,64
6,124,64
6,124,64
6,125,64
6,125,64
6,125,64
6,125,63
6,125,63
6,125,63
6,125,63
6,125,63
6,125,63
6,126,63
6,126,63
6,126,63
6,126,63
6,126,62
6,126,62
6,126,62
6,126,62
6,126,62
6,127,62
6,127,62
6,127,62
6,127,62
6,127,62
6,127,62
6,127,61
6,127,61
6,128,61
6,128,61
6,128,61
6,128,61
6,128,61
6,128,61
6,128,61
6,128,61
6,128,61
6,129,60
6,129,60
6,129,60
6,129,60
6,129,60
6,129,60
6,129,60
6,129,60
6,129,60
6,130,60
6,130,60
6,130,59
6,130,59
6,130,59
6,131,59
6,131,59
6,131,59
6,131,59
6,131,59
6,131,59
6,131,59
6,131,59
6,131,58
6,131,58
6,132,58
6,132,58
6,132,58
6,132,58
6,132,58
6,132,58
6,132,58
6,132,58
6,132,58
6,132,58
6,133,58
6,133,58
6,133,58
6,133,58
6,133,58
6,133,58
6,133,58
6,133,58
6,133,58
6,133,58
6,134,58
6,134,58
6,134,58
6,134,57
6,134,57
6,134,57
6,134,57
6,134,57
6,134,57
6,134,57
6,135,57
6,135,57
6,135,57
6,135,57
6,135,57
6,135,57
6,135,57
6,135,57
6,135,57
6,135,57
6,136,57
6,136,57
6,136,57
6,136,57
6,136,57
6,136,57
6,136,56
6,136,56
6,136,56
6,136,56
6,137,56
6,137,56
6,137,56
6,137,56
6,137,56
6,137,56
6,137,56
6,137,56
6,137,56
6,137,56
6,138,56
6,138,56
6,138,56
6,138,56
6,138,56
6,138,56
6,138,56
6,138,56
6,138,56
6,138,56
6,139,55
6,139,55
6,139,55
6,139,55
6,139,55
6,139,55
6,139,55
6,139,55
6,139,55
6,139,55
6,140,55
6,140,55
6,140,55
6,140,55
6,140,55
6,140,55
6,140,55
6,140,55
6,140,55
6,140,55
6,141,55
6,141,55
6,141,55
6,141,55
6,141,54
6,141,54
6,141,54
6,141,54
6,141,54
6,141,54
6,142,54
6,142,54
6,142,54
6,142,54
6,142,54
6,142,54
6,142,54
6,142,54
6,142,54
6,142,54
6,143,54
6,143,54
6,143,54
6,143,54
6,143,54
6,143,54
6,143,54
6,143,53
6,143,53
6,143,53
6,144,53
6,144,53
6,144,53
6,144,53
6,144,53
6,144,53
6,144,53
6,144,53
6,144,53
6,144,53
6,145,53
6,145,53
6,145,53
6,145,53
6,145,53
6,145,53
6,145,53
6,145,53
6,145,53
6,145,53
6,146,53
6,146,52
6,146,52
6,146,52
6,146,52
6,146,52
6,146,52
6,146,52
6,146,52
6,146,52
6,147,52
6,147,52
6,147,52
6,147,52
6,147,52
6,147,52
6,147,52
6,147,52
6,147,52
6,147,52
6,147,52
6,147,52
6,147,52
6,147,52
6,147,52
6,147,51
6,147,51
6,147,51
6,147,51
6,148,51
6,148,51
6,148,51
6,148,51
6,148,51
6,148,51
6,148,51
6,148,51
6,148,51
6,148,51
6,148,51
6,148,51
6,148,51
6,148,51
6,148,51
6,148,51
6,148,51
6,148,51
6,148,51
6,148,50
6,148,50
6,148,50
6,148,50
6,148,50
6,148,50
6,148,50
6,148,50
6,148,50
6,148,50
6,149,50
6,149,50
6,149,50
6,149,50
6,149,50
6,149,50
6,149,50
6,149,50
6,149,50
6,149,50
6,149,50
6,149,50
6,149,50
6,149,50
6,149,49
6,149,49
6,149,49
6,149,49
6,149,49
6,149,49
6,149,49
6,149,49
6,149,49
6,149,49
6,149,49
6,149,49
6,149,49
6,149,49
6,149,49
6,150,49
6,150,49
6,150,49
6,150,49
6,150,49
6,150,49
6,150,49
6,150,49
6,150,49
6,150,49
6,150,49
6,150,49
6,150,49
6,150,49
6,150,49
6,150,49
6,150,49
6,150,49
6,150,49
6,150,49
6,150,49
6,150,49
6,150,49
6,150,49
6,150,49
6,150,49
6,150,49
6,150,49
6,150,49
6,150,49
6,151,49
6,151,49
6,151,49
6,151,48
6,151,48
6,151,48
6,151,48
6,151,48
6,151,48
6,151,48
6,151,48
6,151,48
6,151,48
6,151,48
6,151,48
6,151,48
6,151,48
6,151,48
6,151,48
6,151,48
6,151,48
6,151,48
6,151,48
6,151,48
6,151,48
6,151,48
6,151,48
6,151,48
6,151,48
6,152,48
6,152,48
6,152,48
6,152,48
6,152,48
6,152,48
6,152,48
6,152,48
6,152,48
6,152,48
6,152,48
6,152,48
6,152,48
6,152,48
6,152,48
6,152,48
6,152,48
6,152,48
6,152,48
6,152,48
6,152,48
6,152,48
6,152,48
6,152,48
6,152,48
6,152,48
6,152,48
6,152,48
6,152,48
6,153,48
6,153,48
6,153,48
6,153,48
6,153,48
6,153,48
6,153,48
6,153,48
6,153,48
6,153,48
6,153,48
6,153,48
6,153,48
6,153,48
6,153,48
6,153,48
6,153,48
6,153,48
6,153,48
6,153,48
6,153,48
6,153,47
6,153,47
6,153,47
6,153,47
6,153,47
6,153,47
6,153,47
6,153,47
6,153,47
6,153,47
6,153,47
6,153,47
6,153,47
6,153,47
6,153,47
6,153,47
6,153,47
6,153,47
6,153,47
6,153,47
6,153,47
6,153,47
6,153,47
6,153,47
6,153,47
6,153,47
6,153,47
6,153,47
6,153,47
6,153,47
6,153,47
6,153,47
6,153,47
6,153,47
6,153,47
6,153,47
6,153,47
6,153,47
6,153,47
6,153,47
6,153,47
6,153,47
6,153,47
6,153,47
6,153,47
6,153,47
6,153,47
6,153,47
6,153,47
6,153,47
6,153,47
6,153,47
6,153,47
6,153,47
6,153,47
6,153,47
6,153,47
6,153,47
6,153,47
6,153,47
6,152,47
6,152,47
6,152,47
6,152,47
6,152,47
6,152,47
6,152,47
6,152,47
6,152,47
6,152,47
6,152,47
6,152,47
6,152,47
6,152,47
6,152,47
6,152,47
6,152,46
6,152,46
6,152,46
6,152,46
6,152,46
6,152,46
6,152,46
6,152,46
6,152,46
6,152,46
6,152,46
6,152,46
6,152,46
6,152,46
6,152,46
6,151,46
6,151,46
6,151,46
6,151,46
6,151,46
6,151,46
6,151,46
6,151,46
6,151,46
6,151,46
6,151,46
6,151,46
6,151,46
6,151,46
6,151,46
6,151,46
6,151,46
6,151,46
6,151,46
6,151,46
6,151,46
6,151,46
6,151,46
6,151,59
6,151,59
6,151,59
6,151,59
6,151,59
6,151,59
6,151,59
6,150,59
6,150,59
6,150,59
6,150,59
6,150,59
-1,150,59
-1,150,59
-1,150,59
-1,150,59
-1,150,59
-1,150,59
-1,150,59
-1,150,59
-1,150,98
-1,150,98
-1,150,98
-1,143,98
-1,143,107
-1,143,107
-1,143,127
-1,84,124
-1,84,124
6,84,124
#MOTOR_P2
1,114,127
1,114,127
1,114,127
1,114,127
1,114,127
1,114,127
1,114,127
1,114,127
1,114,127
1,114,127
1,114,127
1,114,127
1,114,127
1,114,127
1,114,127
1,114,127
1,114,127
1,114,127
1,114,127
1,114,127
1,114,127
1,114,127
1,114,127
1,114,127
1,114,127
1,114,127
1,114,127
-1,114,127
-1,114,127
-1,114,127
-1,114,127
-1,114,127
-1,114,127
-1,114,127
-1,114,99
-1,114,104
-1,114,108
3,114,113
3,114,118
3,114,122
3,114,127
3,114,127
3,114,127
3,114,127
3,114,127
3,114,127
3,114,127
3,114,127
3,114,127
3,114,127
3,114,127
3,114,127
3,114,127
-1,114,127
-1,114,127
-1,114,127
-1,114,127
-1,114,127
-1,114,127
-1,114,102
-1,114,107
-1,114,112
5,114,116
5,114,121
5,114,126
5,114,127
5,114,126
5,114,126
5,114,125
5,114,125
5,114,125
5,114,124
5,114,124
5,114,123
5,114,123
5,114,122
5,114,122
5,114,122
5,114,121
5,114,121
5,114,120
5,114,120
5,114,120
5,114,119
5,114,119
5,114,118
5,114,118
5,114,118
5,114,117
-1,114,117
-1,114,116
-1,114,116
-1,114,116
-1,114,115
-1,114,115
-1,114,114
-1,114,114
-1,114,113
-1,114,113
-1,114,113
-1,114,112
-1,114,112
-1,114,111
-1,114,111
-1,114,111
-1,114,110
-1,114,110
-1,114,109
-1,114,109
-1,114,109
-1,114,108
-1,114,108
-1,114,107
-1,114,107
-1,114,107
-1,114,106
-1,114,106
-1,114,105
-1,114,105
-1,114,104
-1,114,104
-1,114,104
-1,114,103
-1,114,103
-1,114,102
-1,114,102
-1,114,102
-1,114,101
-1,114,101
-1,114,100
-1,114,100
-1,114,100
-1,114,99
-1,114,99
-1,114,98
-1,114,98
-1,114,98
-1,114,97
-1,114,97
-1,114,96
-1,114,96
-1,114,95
-1,114,95
-1,114,95
-1,114,94
-1,114,94
-1,114,93
-1,114,93
-1,114,93
-1,114,92
-1,114,92
-1,114,91
-1,114,91
-1,114,91
-1,115,90
-1,115,90
-1,115,89
-1,115,89
-1,115,88
-1,115,88
-1,115,88
-1,115,87
-1,115,87
-1,115,86
-1,115,86
-1,115,86
-1,116,85
-1,116,85
-1,116,84
-1,116,84
-1,116,84
-1,116,83
-1,116,83
-1,116,82
-1,116,82
-1,116,82
-1,116,81
-1,117,81
-1,117,80
-1,117,80
-1,117,79
-1,117,79
-1,117,79
-1,117,78
-1,117,78
-1,117,77
-1,117,77
-1,117,77
-1,117,76
-1,118,76
-1,118,75
-1,118,75
-1,118,75
-1,118,74
-1,118,74
-1,118,73
-1,118,73
-1,118,73
-1,118,72
-1,118,72
-1,118,71
-1,119,71
-1,119,70
-1,119,70
-1,119,70
-1,119,69
-1,119,69
-1,119,68
-1,119,68
-1,119,68
-1,119,68
-1,119,68
-1,120,68
-1,120,68
-1,120,68
-1,120,68
-1,120,68
-1,120,68
-1,120,68
-1,120,68
-1,120,67
-1,120,67
-1,120,67
-1,120,67
-1,121,67
-1,121,67
-1,121,67
-1,121,67
-1,121,67
-1,121,67
-1,121,67
-1,121,66
-1,121,66
-1,121,66
-1,122,66
-1,122,66
-1,122,66
-1,122,66
-1,122,66
-1,122,66
-1,122,66
-1,122,66
-1,122,65
-1,123,65
-1,123,65
-1,123,65
-1,123,65
-1,123,65
-1,123,65
-1,123,65
-1,123,65
-1,123,65
-1,124,65
-1,124,64
-1,124,64
-1,124,64
-1,124,64
-1,124,64
-1,124,64
-1,124,64
-1,124,64
-1,125,64
-1,125,64
-1,125,64
-1,125,63
-1,125,63
-1,125,63
-1,125,63
-1,125,63
-1,125,63
-1,126,63
-1,126,63
-1,126,63
-1,126,63
-1,126,62
-1,126,62
-1,126,62
-1,126,62
-1,126,62
-1,127,62
-1,127,62
-1,127,62
-1,127,62
-1,127,62
-1,127,62
-1,127,61
-1,127,61
-1,128,61
-1,128,61
-1,128,61
-1,128,61
-1,128,61
-1,128,61
-1,128,61
-1,128,61
-1,128,61
-1,129,60
-1,129,60
-1,129,60
-1,129,60
-1,129,60
-1,129,60
-1,129,60
-1,129,60
-1,129,60
-1,130,60
-1,130,60
-1,130,59
-1,130,59
-1,130,59
-1,131,59
-1,131,59
-1,131,59
-1,131,59
-1,131,59
-1,131,59
-1,131,59
-1,131,59
-1,131,58
-1,131,58
-1,132,58
-1,132,58
-1,132,58
-1,132,58
-1,132,58
-1,132,58
-1,132,58
-1,132,58
-1,132,58
-1,132,58
-1,133,58
-1,133,58
-1,133,58
-1,133,58
-1,133,58
-1,133,58
-1,133,58
-1,133,58
-1,133,58
-1,133,58
-1,134,58
-1,134,58
-1,134,58
-1,134,57
-1,134,57
-1,134,57
-1,134,57
-1,134,57
-1,134,57
-1,134,57
-1,135,57
-1,135,57
-1,135,57
-1,135,57
-1,135,57
-1,135,57
-1,135,57
-1,135,57
-1,135,57
-1,135,57
-1,136,57
-1,136,57
-1,136,57
-1,136,57
-1,136,57
-1,136,57
-1,136,56
-1,136,56
-1,136,56
-1,136,56
-1,137,56
-1,137,56
-1,137,56
-1,137,56
-1,137,56
-1,137,56
-1,137,56
-1,137,56
-1,137,56
-1,137,56
-1,138,56
-1,138,56
-1,138,56
-1,138,56
-1,138,56
-1,138,56
-1,138,56
-1,138,56
-1,138,56
-1,138,56
-1,139,55
-1,139,55
-1,139,55
-1,139,55
-1,139,55
-1,139,55
-1,139,55
-1,139,55
-1,139,55
-1,139,55
-1,140,55
-1,140,55
-1,140,55
-1,140,55
-1,140,55
-1,140,55
-1,140,55
-1,140,55
-1,140,55
-1,140,55
-1,141,55
-1,141,55
-1,141,55
-1,141,55
-1,141,54
-1,141,54
-1,141,54
-1,141,54
-1,141,54
-1,141,54
-1,142,54
-1,142,54
-1,142,54
-1,142,54
-1,142,54
-1,142,54
-1,142,54
-1,142,54
-1,142,54
-1,142,54
-1,143,54
-1,143,54
-1,143,54
-1,143,54
-1,143,54
-1,143,54
-1,143,54
-1,143,53
-1,143,53
-1,143,53
-1,144,53
-1,144,53
-1,144,53
-1,144,53
-1,144,53
-1,144,53
-1,144,53
-1,144,53
-1,144,53
-1,144,53
-1,145,53
-1,145,53
-1,145,53
-1,145,53
-1,145,53
-1,145,53
-1,145,53
-1,145,53
-1,145,53
-1,145,53
-1,146,53
-1,146,52
-1,146,52
-1,146,52
-1,146,52
-1,146,52
-1,146,52
-1,146,52
-1,146,52
-1,146,52
-1,147,52
-1,147,52
-1,147,52
-1,147,52
-1,147,52
-1,147,52
-1,147,52
-1,147,52
-1,147,52
-1,147,52
-1,147,52
-1,147,52
-1,147,52
-1,147,52
-1,147,52
-1,147,51
-1,147,51
-1,147,51
-1,147,51
-1,148,51
-1,148,51
-1,148,51
-1,148,51
-1,148,51
-1,148,51
-1,148,51
-1,148,51
-1,148,51
-1,148,51
-1,148,51
-1,148,51
-1,148,51
-1,148,51
-1,148,51
-1,148,51
-1,148,51
-1,148,51
-1,148,51
-1,148,50
-1,148,50
-1,148,50
-1,148,50
-1,148,50
-1,148,50
-1,148,50
-1,148,50
-1,148,50
-1,148,50
-1,149,50
-1,149,50
-1,149,50
-1,149,50
-1,149,50
-1,149,50
-1,149,50
-1,149,50
-1,149,50
-1,149,50
-1,149,50
-1,149,50
-1,149,50
-1,149,50
-1,149,49
-1,149,49
-1,149,49
-1,149,49
-1,149,49
-1,149,49
-1,149,49
-1,149,49
-1,149,49
-1,149,49
-1,149,49
-1,149,49
-1,149,49
-1,149,49
-1,149,49
-1,150,49
-1,150,49
-1,150,49
-1,150,49
-1,150,49
-1,150,49
-1,150,49
-1,150,49
-1,150,49
-1,150,49
-1,150,49
-1,150,49
-1,150,49
-1,150,49
-1,150,49
-1,150,49
-1,150,49
-1,150,49
-1,150,49
-1,150,49
-1,150,49
-1,150,49
-1,150,49
-1,150,49
-1,150,49
-1,150,49
-1,150,49
-1,150,49
-1,150,49
-1,150,49
-1,151,49
-1,151,49
-1,151,49
-1,151,48
-1,151,48
-1,151,48
-1,151,48
-1,151,48
-1,151,48
-1,151,48
-1,151,48
-1,151,48
-1,151,48
-1,151,48
-1,151,48
-1,151,48
-1,151,48
-1,151,48
-1,151,48
-1,151,48
-1,151,48
-1,151,48
-1,151,48
-1,151,48
-1,151,48
-1,151,48
-1,151,48
-1,151,48
-1,151,48
-1,152,48
-1,152,48
-1,152,48
-1,152,48
-1,152,48
-1,152,48
-1,152,48
-1,152,48
-1,152,48
-1,152,48
-1,152,48
-1,152,48
-1,152,48
-1,152,48
-1,152,48
-1,152,48
-1,152,48
-1,152,48
-1,152,48
-1,152,48
-1,152,48
-1,152,48
-1,152,48
-1,152,48
-1,152,48
-1,152,48
-1,152,48
-1,152,48
-1,152,48
-1,153,48
-1,153,48
-1,153,48
-1,153,48
-1,153,48
-1,153,48
-1,153,48
-1,153,48
-1,153,48
-1,153,48
-1,153,48
-1,153,48
-1,153,48
-1,153,48
-1,153,48
-1,153,48
-1,153,48
-1,153,48
-1,153,48
-1,153,48
-1,153,48
-1,153,47
-1,153,47
-1,153,47
-1,153,47
-1,153,47
-1,153,47
-1,153,47
-1,153,47
-1,153,47
-1,153,47
-1,153,47
-1,153,47
-1,153,47
-1,153,47
-1,153,47
-1,153,47
-1,153,47
-1,153,47
-1,153,47
-1,153,47
-1,153,47
-1,153,47
-1,153,47
-1,153,47
-1,153,47
-1,153,47
-1,153,47
-1,153,47
-1,153,47
-1,153,47
-1,153,47
-1,153,47
-1,153,47
-1,153,47
-1,153,47
-1,153,47
-1,153,47
-1,153,47
-1,153,47
-1,153,47
-1,153,47
-1,153,47
-1,153,47
-1,153,47
-1,153,47
-1,153,47
-1,153,47
-1,153,47
-1,153,47
-1,153,47
-1,153,47
-1,153,47
-1,153,47
-1,153,47
-1,153,47
-1,153,47
-1,153,47
-1,153,47
-1,153,47
-1,153,47
-1,152,47
-1,152,47
-1,152,47
-1,152,47
-1,152,47
-1,152,47
-1,152,47
-1,152,47
-1,152,47
-1,152,47
-1,152,47
-1,152,47
-1,152,47
-1,152,47
-1,152,47
-1,152,47
-1,152,46
-1,152,46
-1,152,46
-1,152,46
-1,152,46
-1,152,46
-1,152,46
-1,152,46
-1,152,46
-1,152,46
-1,152,46
-1,152,46
-1,152,46
-1,152,46
-1,152,46
-1,151,46
-1,151,46
-1,151,46
-1,151,46
-1,151,46
-1,151,46
-1,151,46
-1,151,46
-1,151,46
-1,151,46
-1,151,46
-1,151,46
-1,151,46
-1,151,46
-1,151,46
-1,151,46
-1,151,46
-1,151,46
-1,151,46
-1,151,46
-1,151,46
-1,151,46
-1,151,46
-1,131,127
-1,131,127
-1,131,127
-1,131,127
-1,131,127
-1,131,127
-1,131,127
-1,131,127
-1,131,127
-1,131,127
-1,131,127
-1,131,127
-1,131,127
-1,131,127
-1,131,127
-1,131,127
-1,131,127
-1,131,127
-1,131,127
-1,131,127
-1,131,127
-1,131,127
6,121,127
6,84,127
6,84,127
6,84,127
6,84,127
6,84,124
6,84,124
6,84,124
#MOTOR_B1
0,98,127
0,98,127
0,98,127
0,98,127
0,98,127
-1,98,127
-1,98,127
-1,98,127
-1,98,127
-1,98,127
-1,98,127
-1,98,127
-1,98,127
-1,15,127
-1,15,3
-1,16,3
-1,16,3
-1,17,3
-1,17,3
-1,17,3
-1,18,3
-1,18,3
-1,19,3
-1,19,3
-1,20,3
-1,20,3
-1,20,3
-1,21,3
-1,21,3
-1,22,3
-1,22,3
-1,23,3
-1,23,3
-1,23,3
-1,24,3
-1,24,3
-1,25,3
-1,25,3
-1,25,3
-1,26,3
-1,26,3
-1,27,3
-1,27,3
-1,27,3
-1,28,3
-1,28,3
-1,29,3
-1,29,3
-1,29,3
-1,30,3
-1,30,3
-1,31,3
-1,31,3
-1,31,3
-1,32,3
-1,32,3
-1,33,3
-1,33,3
-1,34,3
-1,34,3
-1,34,3
-1,35,3
-1,35,3
-1,36,3
-1,36,3
-1,36,3
-1,37,3
-1,37,3
-1,38,3
-1,38,3
-1,38,3
-1,39,3
-1,39,3
-1,40,3
-1,40,3
-1,40,3
-1,41,3
-1,41,3
-1,42,3
-1,42,3
-1,42,3
-1,43,3
-1,43,3
-1,44,3
-1,44,3
-1,44,3
-1,45,3
-1,45,3
-1,46,3
-1,46,3
-1,46,3
-1,47,3
-1,47,3
-1,48,3
-1,48,3
-1,49,3
-1,49,3
-1,49,3
-1,50,3
-1,50,3
-1,51,3
-1,51,3
-1,51,3
-1,52,3
-1,52,3
-1,53,3
-1,53,3
-1,53,3
-1,54,3
-1,54,3
-1,55,3
-1,55,3
-1,55,3
-1,56,3
-1,56,3
-1,57,3
-1,57,3
-1,57,3
-1,58,3
-1,58,3
-1,59,3
-1,59,3
-1,59,3
-1,60,3
-1,60,3
-1,61,3
-1,61,3
-1,61,3
-1,62,3
-1,62,3
-1,63,3
-1,63,3
-1,64,3
-1,64,3
-1,64,3
-1,65,3
-1,65,3
-1,66,3
-1,66,3
-1,66,3
-1,67,3
-1,67,3
-1,68,3
-1,68,3
-1,68,3
-1,69,3
-1,69,3
-1,70,3
-1,70,3
-1,70,3
-1,71,3
-1,71,3
-1,72,3
-1,72,3
-1,72,3
-1,73,3
-1,73,3
-1,74,3
-1,74,3
-1,74,3
-1,75,3
-1,75,3
-1,76,3
-1,76,3
-1,76,3
-1,77,3
-1,77,3
-1,78,3
-1,78,3
-1,79,3
-1,79,3
-1,79,3
-1,80,3
-1,80,3
-1,81,3
-1,81,3
-1,81,3
-1,82,3
-1,82,3
-1,83,3
-1,83,3
-1,83,3
-1,84,3
-1,84,3
-1,85,3
-1,85,3
-1,85,3
-1,86,3
-1,86,3
-1,87,3
-1,87,3
-1,87,3
-1,88,3
-1,88,3
-1,89,3
-1,89,3
-1,89,3
-1,90,3
-1,90,3
-1,91,3
-1,91,3
-1,91,3
-1,92,3
-1,92,3
-1,93,3
-1,93,3
-1,94,3
-1,94,3
-1,94,3
-1,95,3
-1,95,3
-1,96,3
-1,96,3
-1,96,3
-1,97,3
-1,97,3
-1,98,3
-1,98,3
-1,98,3
-1,99,3
-1,99,3
-1,100,3
-1,100,3
-1,100,3
-1,101,3
-1,101,3
-1,101,3
-1,101,3
-1,102,3
-1,102,3
-1,102,3
-1,103,3
-1,103,3
-1,103,3
-1,103,3
-1,104,3
-1,104,3
-1,104,3
-1,104,3
-1,105,3
-1,105,3
-1,105,3
-1,106,3
-1,106,3
-1,106,3
-1,106,3
-1,107,3
-1,107,3
-1,107,3
-1,108,3
-1,108,3
-1,108,3
-1,108,3
-1,109,3
-1,109,3
-1,109,3
-1,109,3
-1,110,3
-1,110,3
-1,110,3
-1,111,3
-1,111,3
-1,111,3
-1,111,3
-1,112,3
-1,112,3
-1,112,3
-1,113,3
-1,113,3
-1,113,3
-1,113,3
-1,114,3
-1,114,3
-1,114,3
-1,115,3
-1,115,3
-1,115,3
-1,115,3
-1,116,3
-1,116,3
-1,116,3
-1,116,3
-1,117,3
-1,117,3
-1,117,3
-1,118,3
-1,118,3
-1,118,3
-1,118,3
-1,119,3
-1,119,3
-1,119,3
-1,120,3
-1,120,3
-1,120,3
-1,120,3
-1,121,3
-1,121,3
-1,121,3
-1,121,3
-1,122,3
-1,122,3
-1,122,3
-1,123,3
-1,123,3
-1,123,3
-1,123,3
-1,124,3
-1,124,3
-1,124,3
-1,125,3
-1,125,3
-1,125,3
-1,125,3
-1,126,3
-1,126,3
-1,126,3
-1,126,3
-1,127,3
-1,127,3
-1,127,3
-1,128,3
-1,128,3
-1,128,3
-1,128,3
-1,129,3
-1,129,3
-1,129,3
-1,130,3
-1,130,3
-1,130,3
-1,130,3
-1,131,3
-1,131,3
-1,131,3
-1,132,3
-1,132,3
-1,132,3
-1,132,3
-1,133,3
-1,133,3
-1,133,3
-1,133,3
-1,134,3
-1,134,3
-1,134,3
-1,135,3
-1,135,3
-1,135,3
-1,135,3
-1,136,3
-1,136,3
-1,136,3
-1,137,3
-1,137,3
-1,137,3
-1,137,3
-1,138,3
-1,138,3
-1,138,3
-1,138,3
-1,139,3
-1,139,3
-1,139,3
-1,140,3
-1,140,3
-1,140,3
-1,140,3
-1,141,3
-1,141,3
-1,141,3
-1,142,3
-1,142,3
-1,142,3
-1,142,3
-1,143,3
-1,143,3
-1,143,3
-1,144,3
-1,144,3
-1,144,3
-1,144,3
-1,145,3
-1,145,3
-1,145,3
-1,145,3
-1,146,3
-1,146,3
-1,146,3
-1,147,3
-1,147,3
-1,147,3
-1,147,3
-1,148,3
-1,148,3
-1,148,3
-1,149,3
-1,149,3
-1,149,3
-1,149,3
-1,150,3
-1,150,3
-1,150,3
-1,150,3
-1,151,3
-1,151,3
-1,151,3
-1,152,3
-1,152,3
-1,152,3
-1,152,3
-1,153,3
-1,153,3
-1,153,3
-1,154,3
-1,154,3
-1,154,3
-1,154,3
-1,155,3
-1,155,3
-1,155,3
-1,155,3
-1,156,3
-1,156,3
-1,156,3
-1,157,3
-1,157,3
-1,157,3
-1,157,3
-1,158,3
-1,158,3
-1,158,3
-1,159,3
-1,159,3
-1,159,3
-1,159,3
-1,160,3
-1,160,3
-1,160,3
-1,161,3
-1,161,3
-1,161,3
-1,161,3
-1,162,3
-1,162,3
-1,162,3
-1,162,3
-1,163,3
-1,163,3
-1,163,3
-1,164,3
-1,164,3
-1,164,3
-1,164,3
-1,165,3
-1,165,3
-1,165,3
-1,166,3
-1,166,3
-1,166,3
-1,166,3
-1,167,3
-1,167,3
-1,167,3
-1,167,3
-1,168,3
-1,168,3
-1,168,3
-1,169,3
-1,169,3
-1,169,3
-1,169,3
-1,170,3
-1,170,3
-1,170,3
-1,171,3
-1,171,3
-1,171,3
-1,171,3
-1,172,3
-1,172,3
-1,172,3
-1,173,3
-1,173,3
-1,173,3
-1,173,3
-1,174,3
-1,174,3
-1,174,3
-1,174,3
-1,175,3
-1,175,3
-1,175,3
-1,176,3
-1,176,3
-1,176,3
-1,176,3
-1,177,3
-1,177,3
-1,177,3
-1,178,3
-1,178,3
-1,178,3
-1,178,3
-1,179,3
-1,179,3
-1,179,3
-1,179,3
-1,180,3
-1,180,3
-1,180,3
-1,181,3
-1,181,3
-1,181,3
-1,181,3
-1,182,3
-1,182,3
-1,182,3
-1,183,3
-1,183,3
-1,183,3
-1,183,3
-1,184,3
-1,184,3
-1,184,3
-1,184,3
-1,185,3
-1,185,3
-1,185,3
-1,186,3
-1,186,3
-1,186,3
-1,186,3
-1,187,3
-1,187,3
-1,187,3
-1,188,3
-1,188,3
-1,188,3
-1,188,3
-1,189,3
-1,189,3
-1,189,3
-1,190,3
-1,190,3
-1,190,3
-1,190,3
-1,191,3
-1,191,3
-1,191,3
-1,191,3
-1,192,3
-1,192,3
-1,192,3
-1,193,3
-1,193,3
-1,193,3
-1,193,3
-1,194,3
-1,194,3
-1,194,3
-1,195,3
-1,195,3
-1,195,3
-1,195,3
-1,196,3
-1,196,3
-1,196,3
-1,196,3
-1,197,3
-1,197,3
-1,197,3
-1,198,3
-1,198,3
-1,198,3
-1,198,3
-1,199,3
-1,199,3
-1,199,3
-1,199,3
-1,199,3
-1,199,3
-1,199,3
-1,199,3
-1,199,3
-1,199,3
-1,199,3
-1,199,3
-1,199,3
-1,199,3
-1,199,3
-1,199,3
-1,199,3
-1,199,3
-1,199,3
-1,199,3
-1,199,3
-1,199,3
-1,199,3
-1,199,3
-1,199,3
-1,199,3
-1,199,3
-1,199,3
-1,199,3
-1,199,3
-1,199,3
-1,199,3
-1,199,3
-1,199,3
-1,199,3
-1,199,3
-1,199,3
-1,199,3
-1,199,3
-1,199,3
-1,199,3
-1,199,3
-1,199,3
-1,199,3
-1,199,3
-1,199,3
-1,199,3
-1,199,3
-1,199,3
-1,199,3
-1,199,3
-1,199,3
-1,199,3
-1,199,3
-1,199,3
-1,199,3
-1,199,3
-1,199,3
-1,199,3
-1,199,3
-1,199,3
-1,199,3
-1,199,3
-1,199,3
-1,199,3
-1,199,3
-1,199,3
-1,199,3
-1,199,3
-1,199,3
-1,199,3
-1,199,3
-1,199,3
-1,199,3
-1,199,3
-1,199,3
-1,199,3
-1,199,3
-1,199,3
-1,199,3
-1,199,3
-1,199,3
-1,199,3
-1,199,3
-1,199,3
-1,199,3
-1,199,3
-1,199,3
-1,199,20
-1,199,20
-1,199,20
-1,199,20
-1,199,20
-1,199,20
-1,199,20
-1,199,20
-1,199,20
-1,199,20
-1,199,20
-1,199,20
-1,199,20
-1,199,20
-1,199,20
-1,199,20
-1,199,20
-1,199,20
-1,199,20
-1,199,20
-1,199,20
-1,199,20
-1,199,20
-1,199,20
-1,199,20
-1,199,20
-1,199,20
-1,199,20
-1,199,20
-1,199,20
-1,199,20
-1,199,20
-1,199,20
-1,199,20
-1,199,20
-1,199,20
-1,199,20
-1,199,20
-1,199,20
-1,199,20
-1,199,20
-1,199,20
-1,199,20
-1,199,20
-1,199,20
-1,199,20
-1,199,20
-1,199,20
-1,199,20
-1,199,20
-1,199,20
-1,199,20
-1,199,20
-1,199,20
-1,199,20
-1,199,20
-1,199,20
-1,199,20
-1,199,20
-1,199,20
-1,199,20
-1,199,20
-1,199,20
-1,199,20
-1,199,20
-1,199,20
-1,199,20
-1,199,20
-1,199,20
-1,199,20
-1,199,20
-1,199,20
-1,199,20
-1,199,20
-1,199,20
-1,199,20
-1,199,20
-1,199,20
-1,199,20
-1,199,20
-1,199,20
-1,199,20
-1,199,20
-1,199,20
-1,199,20
-1,199,20
-1,199,20
-1,199,20
-1,199,20
-1,199,20
-1,199,20
-1,199,20
-1,199,20
-1,199,20
-1,199,20
-1,199,20
-1,199,20
-1,199,20
-1,199,20
-1,199,20
-1,199,20
-1,199,20
-1,199,20
-1,199,20
-1,199,20
-1,199,20
-1,199,20
-1,199,20
-1,199,20
-1,199,20
-1,199,20
-1,199,20
-1,199,20
-1,199,20
-1,199,20
-1,199,20
-1,199,20
-1,199,20
-1,199,20
-1,199,20
-1,199,20
-1,199,20
-1,199,20
-1,199,20
-1,199,20
-1,199,20
-1,199,20
-1,199,20
-1,199,20
-1,199,20
-1,199,20
-1,199,20
-1,199,20
-1,199,20
-1,177,20
0,178,127
#MOTOR_B2
7,73,21
7,73,23
7,73,26
7,73,28
7,73,30
7,73,33
7,73,35
7,73,37
7,73,40
7,73,42
7,73,44
7,73,47
7,73,48
7,73,49
7,73,50
7,73,51
7,73,52
7,74,52
7,74,53
7,74,54
7,74,54
7,74,54
7,74,55
7,74,56
7,74,56
7,74,56
7,74,57
7,74,58
7,74,58
7,74,58
7,74,59
7,74,60
7,74,60
7,74,60
7,74,60
7,74,59
7,74,59
7,74,59
7,74,58
7,74,58
7,74,58
7,74,57
7,74,57
7,74,56
7,74,56
7,74,55
7,74,55
7,74,55
7,75,54
7,75,54
7,75,53
7,75,53
7,75,53
7,75,52
7,75,52
7,75,51
7,75,50
7,75,49
7,75,48
7,75,47
7,75,46
7,75,45
7,75,44
7,75,43
7,75,42
7,75,41
7,75,40
7,75,39
7,75,38
7,75,37
7,75,36
7,75,35
7,75,34
7,75,33
7,75,32
7,75,31
7,75,30
7,75,29
7,75,28
7,76,26
7,76,25
7,76,24
7,76,23
7,76,22
7,76,21
7,76,20
7,76,19
7,76,18
7,76,17
7,76,15
7,76,14
7,76,13
7,76,12
7,76,11
7,76,10
7,76,9
7,76,8
7,76,7
7,76,6
7,76,4
7,76,3
7,76,2
7,76,1
7,76,0
7,76,0
7,76,0
7,76,0
7,76,0
7,76,0
7,76,0
7,77,0
7,77,0
7,77,0
7,77,0
7,77,0
7,77,0
7,77,0
7,77,0
7,77,0
7,77,0
7,77,0
7,77,0
7,77,0
7,77,0
7,77,0
7,77,0
7,77,0
7,77,0
7,77,0
7,77,0
7,77,0
7,77,0
7,77,0
7,77,0
7,77,0
7,77,0
7,77,0
7,77,0
7,77,0
7,77,0
7,77,0
7,78,0
7,78,0
7,78,0
7,78,0
7,78,0
7,78,0
7,78,0
7,78,0
7,78,0
7,78,0
7,78,0
7,78,0
7,78,0
7,78,0
7,78,0
7,78,0
7,78,0
7,78,0
7,78,0
7,78,0
7,78,0
7,78,0
7,78,0
7,78,0
7,78,0
7,78,0
7,78,0
7,78,0
7,78,0
7,78,0
7,78,0
7,78,0
7,79,0
7,79,0
7,79,0
7,79,0
7,79,0
7,79,0
7,79,0
7,79,0
7,79,0
7,79,0
7,79,0
7,79,0
7,79,0
7,79,0
7,79,0
7,79,0
7,79,0
7,79,0
7,79,0
7,79,0
7,79,0
7,79,0
7,79,0
7,79,0
7,79,0
7,79,0
7,79,0
7,79,0
7,79,0
7,79,0
7,79,0
7,80,0
7,80,0
7,80,0
7,80,0
7,80,0
7,80,0
7,80,0
7,80,0
7,80,0
7,80,0
7,80,0
7,80,0
7,80,0
7,80,0
7,80,0
7,80,0
7,80,0
7,80,0
7,80,0
7,80,0
7,80,0
7,80,0
7,80,0
7,80,0
7,80,0
7,80,0
7,80,0
7,80,0
7,80,0
7,80,0
7,80,0
7,81,0
7,81,0
7,81,0
7,81,0
7,81,0
7,81,0
7,81,0
7,81,0
7,81,0
7,81,0
7,81,0
7,81,0
7,81,0
7,81,0
7,81,0
7,81,0
7,81,0
7,81,0
7,81,0
7,81,0
7,81,0
7,81,0
7,81,0
7,81,0
7,81,0
7,81,0
7,81,0
7,81,0
7,81,0
7,81,0
7,81,0
7,82,0
7,82,0
7,82,0
7,82,0
7,82,0
7,82,0
7,82,0
7,82,0
7,82,0
7,82,0
7,82,0
7,82,0
7,82,0
7,82,0
7,82,0
7,82,0
7,82,0
7,82,0
7,82,0
7,82,0
7,82,0
7,82,0
7,82,0
7,82,0
7,82,0
7,82,0
7,82,0
7,82,0
7,82,0
7,82,0
7,82,0
7,83,0
7,83,0
7,83,0
7,83,0
7,83,0
7,83,0
7,83,0
7,83,0
7,83,0
7,83,0
7,83,0
7,83,0
7,83,0
7,83,0
7,83,0
7,83,0
7,83,0
7,83,0
7,83,0
7,83,0
7,83,0
7,83,0
7,83,0
7,83,0
7,83,0
7,83,0
7,83,0
7,83,0
7,83,0
7,83,0
7,83,0
7,83,0
7,83,0
7,83,0
7,83,0
7,83,0
7,83,0
7,83,0
7,83,0
7,83,0
7,83,0
7,83,0
7,83,0
7,83,0
7,83,0
7,83,0
7,83,0
7,83,0
7,83,0
7,83,0
7,83,0
7,83,0
7,83,0
7,83,0
7,83,0
7,83,0
7,83,0
7,83,0
7,83,0
7,83,0
7,83,0
7,83,0
7,83,0
7,83,0
7,83,0
7,83,0
7,83,0
7,83,0
7,83,0
7,83,0
7,83,0
7,83,0
7,83,0
7,83,0
7,83,0
7,83,0
7,83,0
7,83,0
7,83,0
7,83,0
7,83,0
7,83,0
7,83,0
7,83,0
7,83,0
7,83,0
7,83,0
7,83,0
7,83,0
7,83,0
7,83,0
-1,83,0
-1,83,0
-1,83,0
-1,83,0
-1,83,0
-1,83,0
-1,83,0
-1,83,0
-1,83,0
-1,83,0
-1,83,0
-1,83,0
-1,83,0
-1,83,0
-1,83,0
-1,83,0
-1,83,0
-1,83,0
-1,83,0
-1,83,0
-1,83,0
-1,83,0
-1,83,0
-1,83,0
-1,83,0
-1,83,0
-1,83,0
-1,83,0
-1,83,0
-1,83,0
-1,83,0
-1,83,0
-1,83,0
-1,83,0
-1,83,0
-1,83,0
-1,83,0
-1,83,0
-1,83,0
-1,83,0
-1,83,0
-1,83,0
-1,83,0
-1,83,0
-1,83,0
-1,83,0
-1,83,0
-1,83,0
-1,83,0
-1,83,0
-1,83,0
-1,83,0
-1,83,0
-1,83,0
-1,83,0
-1,83,0
-1,83,0
-1,83,0
-1,83,0
-1,83,0
-1,83,0
-1,83,0
-1,83,0
-1,83,0
-1,83,0
-1,83,0
-1,83,0
-1,83,0
-1,83,0
-1,83,0
-1,83,0
-1,83,0
-1,83,0
-1,83,0
-1,83,0
-1,83,0
-1,83,0
-1,83,0
-1,83,0
-1,83,0
-1,83,0
-1,83,0
-1,83,0
-1,83,0
-1,83,0
-1,83,0
-1,83,0
-1,83,0
-1,83,0
-1,83,0
-1,83,0
-1,83,0
-1,83,0
-1,83,0
-1,83,0
-1,83,0
-1,83,0
-1,83,0
-1,83,0
-1,83,0
-1,83,0
-1,83,0
-1,83,0
-1,83,0
-1,83,0
-1,83,0
-1,83,0
-1,83,0
-1,83,0
-1,83,0
-1,83,0
-1,83,0
-1,83,0
-1,83,0
-1,83,0
-1,83,0
-1,83,0
-1,83,0
-1,83,0
-1,83,0
-1,83,0
-1,83,0
-1,83,0
-1,83,0
-1,83,0
-1,83,0
-1,83,0
-1,83,0
-1,83,0
-1,83,0
-1,83,0
-1,83,0
-1,83,0
-1,83,0
-1,83,0
-1,83,0
-1,83,0
-1,83,0
-1,83,0
-1,83,0
-1,83,0
-1,83,0
-1,83,0
-1,83,0
-1,83,0
-1,83,0
-1,83,0
-1,83,0
-1,83,0
-1,83,0
-1,83,0
-1,83,0
-1,83,0
-1,83,0
-1,83,0
-1,83,0
-1,83,0
-1,83,0
-1,83,0
-1,83,0
-1,83,0
-1,83,0
-1,83,0
-1,83,0
-1,83,0
-1,83,0
-1,83,0
-1,83,0
-1,83,0
-1,83,0
-1,83,0
-1,83,0
-1,83,0
-1,83,0
-1,83,0
-1,83,0
-1,83,0
-1,83,0
-1,83,0
-1,83,0
-1,83,0
-1,83,0
-1,83,0
-1,83,0
-1,83,0
-1,83,0
-1,83,0
-1,83,0
-1,83,0
-1,83,0
-1,83,0
-1,83,0
-1,83,0
-1,83,0
-1,83,0
-1,83,0
-1,83,0
-1,83,0
-1,83,0
-1,83,0
-1,83,0
-1,83,0
-1,83,0
-1,83,0
-1,83,0
-1,83,0
-1,83,0
-1,83,0
-1,83,0
-1,83,0
-1,83,0
-1,83,0
-1,83,0
-1,83,0
-1,83,0
-1,83,0
-1,83,0
-1,83,0
-1,83,0
-1,83,0
-1,83,0
-1,83,0
-1,83,0
-1,83,0
-1,83,0
-1,83,0
-1,83,0
-1,83,0
-1,83,0
-1,83,0
-1,83,0
-1,83,0
-1,83,0
-1,83,0
-1,83,0
-1,83,0
-1,83,0
-1,83,0
-1,83,0
-1,83,0
-1,83,0
-1,83,0
-1,83,0
-1,83,0
-1,83,0
-1,83,0
-1,83,0
-1,83,0
-1,83,0
-1,83,0
-1,83,0
-1,83,0
-1,83,0
-1,83,0
-1,83,0
-1,83,0
-1,83,0
-1,83,0
-1,83,0
-1,83,0
-1,83,0
-1,83,0
-1,83,0
-1,83,0
-1,83,0
-1,83,0
-1,83,0
-1,83,0
-1,83,0
-1,83,0
-1,83,0
-1,83,0
-1,83,0
-1,83,0
-1,83,0
-1,83,0
-1,83,0
-1,83,0
-1,83,0
-1,83,0
-1,83,0
-1,83,0
-1,83,0
-1,83,0
-1,83,0
-1,83,0
-1,83,0
-1,83,0
-1,83,0
-1,83,0
-1,83,0
-1,83,0
-1,83,0
-1,83,0
-1,83,0
-1,83,0
-1,83,0
-1,83,0
-1,83,0
-1,83,0
-1,83,0
-1,83,0
-1,83,0
-1,83,0
-1,83,0
-1,83,0
-1,83,0
-1,83,0
-1,83,0
-1,83,0
-1,83,0
-1,83,0
-1,83,0
-1,83,0
-1,83,0
-1,83,0
-1,83,0
-1,83,0
-1,83,0
-1,83,0
-1,83,0
-1,83,0
-1,83,0
-1,83,0
-1,83,0
-1,83,0
-1,84,0
-1,84,0
-1,84,0
-1,84,0
-1,84,0
-1,84,0
-1,84,0
-1,84,0
-1,84,0
-1,84,0
-1,84,0
-1,84,0
-1,84,0
-1,84,0
-1,84,0
-1,84,0
-1,84,0
-1,84,0
-1,84,0
-1,84,0
-1,84,0
-1,84,0
-1,84,0
-1,84,0
-1,84,0
-1,84,0
-1,84,0
-1,84,0
-1,84,0
-1,84,0
-1,84,0
-1,84,0
-1,84,0
-1,84,0
-1,84,0
-1,84,0
-1,84,0
-1,84,0
-1,84,0
-1,84,0
-1,84,0
-1,84,0
-1,84,0
-1,84,0
-1,84,0
-1,84,0
-1,84,0
-1,84,0
-1,84,0
-1,84,0
-1,84,0
-1,84,0
-1,84,0
-1,84,0
-1,84,0
-1,84,0
-1,84,0
-1,84,0
-1,84,0
-1,84,0
-1,84,0
-1,84,0
-1,84,0
-1,84,0
-1,84,0
-1,84,0
-1,84,0
-1,84,0
-1,84,0
-1,84,0
-1,84,0
-1,84,0
-1,84,0
-1,84,0
-1,84,0
-1,84,0
-1,84,0
-1,84,0
-1,84,0
-1,84,0
-1,84,0
-1,84,0
-1,84,0
-1,84,0
-1,84,0
-1,100,0
#
