BVE2000000
#ACCELERATION
1.3,1,5,5,1.35
1.7,1.5,23,23,2.3
2,1.7,38,38,1.7
0,0,0,0,1
0,0,0,0,1
0,0,0,0,1
0,0,0,0,1
0,0,0,0,1
#PERFORMANCE
4
0.35
#DELAY
0.4
0.2
0.3
0.3
0.1
0.1
#MOVE
90
70
500
500
230
200
#BRAKE
0
0
2
#PRESSURE
468
483
517
550
#HANDLE
0
3
5
0
#COCKPIT
-730
2100
-700
#CAR
28
3
18
4
15
0
#DEVICE
1
0
0
0
0
2
0
0
#MOTOR_P1
0,11,0
0,12,0
0,13,0
0,14,0
0,15,0
0,16,0
0,16,0
0,17,0
0,18,0
0,19,1
0,20,2
0,21,3
0,22,4
0,23,5
0,24,6
0,25,7
0,26,8
0,26,9
0,27,10
0,28,11
0,29,13
0,30,14
0,31,15
0,32,16
0,33,17
0,34,18
0,35,19
0,36,20
0,37,21
0,37,22
0,38,23
0,39,24
0,40,25
0,41,26
0,42,27
0,43,28
0,44,29
0,45,30
0,46,31
0,47,32
0,47,33
0,48,34
0,49,36
0,50,37
0,51,38
0,52,39
0,53,40
0,54,41
0,56,42
0,57,43
0,58,44
0,59,45
0,59,46
0,60,47
0,61,48
0,62,49
0,63,50
0,64,51
0,65,52
0,65,53
0,66,54
0,67,55
0,68,56
0,69,57
0,70,58
0,71,60
0,71,61
0,72,62
0,73,63
0,74,64
0,75,65
0,76,66
0,76,67
0,77,70
0,78,70
0,79,70
0,80,70
0,81,71
0,82,71
0,82,71
0,83,71
0,84,71
0,85,71
0,86,71
0,87,71
0,88,71
0,88,71
0,89,71
0,90,71
0,91,71
0,92,71
0,93,71
0,94,71
0,94,71
0,95,71
0,96,71
0,97,71
0,98,71
0,99,71
0,100,71
0,100,71
0,101,71
0,102,71
0,103,71
0,104,71
0,105,71
0,106,71
0,106,71
0,107,71
0,108,71
0,109,71
0,110,71
0,111,71
0,111,71
0,112,71
0,113,71
0,114,71
0,115,71
0,116,71
0,117,71
0,117,71
0,118,71
0,119,71
0,120,71
0,121,71
0,122,71
0,123,71
0,123,71
0,124,71
0,125,71
0,126,71
0,127,71
0,128,71
0,129,71
0,129,71
0,130,71
0,131,71
0,132,71
0,133,70
0,134,71
0,135,71
0,135,72
0,136,72
0,137,73
0,138,73
0,139,74
0,140,74
0,140,75
0,141,75
0,142,76
0,143,76
0,144,77
0,145,77
0,146,78
0,146,78
0,147,79
0,148,79
0,149,80
0,150,80
0,151,81
0,152,82
0,152,82
0,153,83
0,154,83
0,155,84
0,156,84
0,156,85
0,157,85
0,158,86
0,159,86
0,160,87
0,161,87
0,161,88
0,162,88
0,163,89
0,162,89
0,163,90
0,164,90
0,164,91
0,165,91
0,166,92
0,166,93
0,167,94
0,168,95
0,168,95
0,169,96
0,170,97
0,170,98
0,171,99
0,172,100
0,172,100
0,173,101
0,173,102
0,174,103
0,175,104
0,175,105
0,176,105
0,177,106
0,177,107
0,178,108
0,179,109
0,179,110
0,180,110
0,181,111
0,181,112
0,182,113
0,183,114
0,183,115
0,184,115
0,184,116
0,185,117
0,186,118
0,186,119
0,187,120
0,188,120
0,188,121
0,189,122
0,190,123
0,190,124
0,191,125
0,192,125
0,192,126
0,193,126
0,194,126
0,194,126
0,195,126
0,195,126
0,196,126
0,197,126
0,197,126
0,198,126
0,199,126
0,199,126
0,200,126
0,201,126
0,201,126
0,202,126
0,203,126
0,203,126
0,204,126
0,205,126
0,205,126
0,206,126
0,207,126
0,207,126
0,208,126
0,208,126
0,209,126
0,210,126
0,210,126
0,211,126
0,212,126
0,213,126
0,213,126
0,214,126
0,214,126
0,215,126
0,215,127
0,216,127
0,216,127
0,216,127
0,217,127
0,217,127
0,218,127
0,218,127
0,219,127
0,219,127
0,219,127
0,220,127
0,220,127
0,221,127
0,221,127
0,222,127
0,222,127
0,222,127
0,223,127
0,223,127
0,224,127
0,224,127
0,225,127
0,225,127
0,225,127
0,226,127
0,226,127
0,227,127
0,227,127
0,228,127
0,228,127
0,228,127
0,229,127
0,229,127
0,229,127
0,229,126
0,229,125
0,230,124
0,230,124
0,230,123
0,230,122
0,231,121
0,231,121
0,231,120
0,231,119
0,231,118
0,232,117
0,232,117
0,232,116
0,232,115
0,232,114
0,233,114
0,233,113
0,233,112
0,233,111
0,234,110
0,234,110
0,234,109
0,234,108
0,234,107
0,235,107
0,235,106
0,235,105
0,235,104
0,235,103
0,236,103
0,236,102
0,236,101
0,236,100
0,236,100
0,237,99
0,237,98
0,237,97
0,237,97
0,238,96
0,238,95
0,238,94
0,238,93
0,238,93
0,239,92
0,239,91
0,239,90
0,239,90
0,239,89
0,240,88
0,240,87
0,240,86
0,240,86
0,241,85
0,241,84
0,241,83
0,241,83
0,241,82
0,242,81
0,242,80
0,242,79
0,242,79
0,242,78
0,243,77
0,243,76
0,243,76
0,243,75
0,243,73
0,244,73
0,244,73
0,244,73
0,244,73
0,245,73
0,245,73
0,245,73
0,245,72
0,245,72
0,246,72
0,246,72
0,246,72
0,246,72
0,246,72
0,247,72
0,247,72
0,247,72
0,247,72
0,248,72
0,248,72
0,248,72
0,248,72
0,248,71
0,249,71
0,249,71
0,249,71
0,249,71
0,249,71
0,250,71
0,250,71
0,250,71
0,250,71
0,250,71
0,251,71
0,251,71
0,251,71
0,251,70
0,252,70
0,252,70
0,252,70
0,252,70
0,252,70
0,253,70
0,253,70
0,253,70
0,253,70
0,253,70
0,254,70
0,254,70
0,254,70
0,254,70
0,255,69
0,255,69
0,255,69
0,255,69
0,255,69
0,256,70
0,256,70
0,256,70
0,256,69
0,256,69
0,257,69
0,257,69
0,257,69
0,257,68
0,258,68
0,258,68
0,258,68
0,258,67
0,258,67
0,259,67
0,259,67
0,259,67
0,259,66
0,259,66
0,260,66
0,260,66
0,260,66
0,260,65
0,260,65
0,261,65
0,261,65
0,261,64
0,261,64
0,262,64
0,262,64
0,262,64
0,262,63
0,262,63
0,263,63
0,263,63
0,263,63
0,263,62
0,263,62
0,264,62
0,264,62
0,264,62
0,264,61
0,265,61
0,265,61
0,265,61
0,265,60
0,265,60
0,266,60
0,266,60
0,266,60
0,266,59
0,266,59
0,267,59
0,267,59
0,267,59
0,267,58
0,267,58
0,268,58
0,268,58
0,268,57
0,268,57
0,269,57
0,269,57
0,269,57
0,269,56
0,269,56
0,270,56
0,270,56
0,270,56
0,270,55
0,270,55
0,271,55
0,271,55
0,271,54
0,271,54
0,272,54
0,272,54
0,272,54
0,272,53
0,272,53
0,273,53
0,273,53
0,273,53
0,273,52
0,273,52
0,273,52
0,273,52
0,274,52
0,274,51
0,274,51
0,274,51
0,274,51
0,274,50
0,274,50
0,274,50
0,274,50
0,274,50
0,275,49
0,275,49
0,275,49
0,275,49
0,275,49
0,275,48
0,275,48
0,275,48
0,275,48
0,275,47
0,276,47
0,276,47
0,276,47
0,276,47
0,276,46
0,276,46
0,276,46
0,276,46
0,276,46
0,276,45
0,277,45
0,277,45
0,277,45
0,277,44
0,277,44
0,277,44
0,277,44
0,277,44
0,277,43
0,277,43
0,278,43
0,278,43
0,278,43
0,278,42
0,278,42
0,278,42
0,278,42
0,278,42
0,278,41
0,278,41
0,279,41
0,279,41
0,279,40
0,279,40
0,279,40
0,279,40
0,279,40
0,279,39
0,279,39
0,279,39
0,280,39
0,280,39
0,280,38
0,280,38
0,280,38
0,280,38
0,280,37
0,280,37
0,280,37
0,280,37
0,281,37
0,281,36
0,281,36
0,281,36
0,281,36
0,281,36
0,281,35
0,281,35
0,281,35
0,281,35
0,282,35
0,282,34
0,282,34
0,282,34
0,282,34
0,282,33
0,282,33
0,282,33
0,282,33
0,282,33
0,283,32
0,283,32
0,283,32
0,283,32
0,283,32
0,283,31
0,283,31
0,283,31
0,283,31
0,283,30
0,284,30
0,284,30
0,284,30
0,284,30
0,284,29
0,284,29
0,284,29
0,284,29
0,284,29
0,284,28
0,285,28
0,285,28
0,285,28
0,285,28
0,285,27
0,285,27
0,285,27
0,285,27
0,285,26
0,285,26
0,286,26
0,286,26
0,286,26
0,286,25
0,286,25
0,286,25
0,286,25
0,286,25
0,286,24
0,286,24
0,287,24
0,287,24
0,287,23
0,287,23
0,287,23
0,287,23
0,287,23
0,287,22
0,287,22
0,287,22
0,288,22
0,288,22
0,288,21
0,288,21
0,288,21
0,288,21
0,288,20
0,288,20
0,288,20
0,288,19
0,289,19
0,289,19
0,289,19
0,289,18
0,289,18
0,289,18
0,289,18
0,289,18
0,289,18
0,289,18
0,290,18
0,290,17
0,290,17
0,290,17
0,290,17
0,290,17
0,399,17
0,399,17
0,399,16
0,399,16
0,399,16
0,399,16
0,399,16
0,399,16
0,399,16
0,399,16
0,399,15
0,399,15
0,399,15
0,399,15
0,399,15
0,399,15
0,399,15
0,399,14
0,399,14
0,399,14
0,399,14
0,399,14
0,399,14
0,399,14
0,399,14
0,399,13
0,399,13
0,399,13
0,399,13
0,399,13
0,399,13
0,399,13
0,399,12
0,399,12
0,399,12
0,399,12
0,399,12
0,399,12
0,399,12
0,399,12
0,399,11
0,399,11
0,399,11
0,399,11
0,399,11
0,399,11
0,399,11
0,399,10
0,399,10
0,399,10
0,399,10
0,399,10
0,399,10
0,399,10
0,399,10
0,399,9
0,399,9
0,399,9
0,399,9
0,399,9
0,399,9
0,399,9
0,399,8
0,399,8
0,399,8
0,399,8
0,399,8
0,399,8
0,399,8
0,399,7
0,399,7
0,399,7
0,399,7
0,399,7
0,399,7
0,399,7
0,399,7
0,399,6
0,399,6
0,399,6
0,399,6
0,399,6
0,399,6
0,399,6
0,399,5
0,399,5
0,399,5
0,399,5
0,399,5
0,399,5
0,399,5
0,399,5
0,399,4
0,399,4
0,399,4
0,399,4
0,399,4
0,399,4
0,399,4
0,399,3
0,399,3
0,399,3
0,399,3
0,399,3
0,399,3
0,399,3
0,399,3
0,399,2
0,399,2
0,399,2
0,399,2
0,399,2
0,399,2
0,399,2
0,399,1
0,399,1
0,399,1
0,399,1
0,399,1
0,399,1
0,399,1
0,399,1
0,399,0
0,399,0
0,399,0
0,399,0
0,399,1
0,399,1
0,399,1
0,399,0
0,377,115
#MOTOR_P2
3,73,127
3,73,127
3,73,127
3,73,127
3,73,127
3,73,127
3,73,127
3,73,127
3,73,127
3,73,127
3,73,127
3,73,127
3,73,127
3,73,127
3,73,127
3,73,127
3,73,127
3,73,127
3,73,127
3,73,127
3,73,127
3,73,1
3,73,1
1,47,1
1,47,1
1,48,1
1,49,1
1,50,1
1,55,1
1,57,1
1,59,1
1,61,1
1,63,1
1,65,1
1,67,1
1,69,1
1,71,1
1,73,1
1,77,1
1,77,1
1,78,1
1,78,1
1,79,1
1,79,1
1,80,1
1,80,1
1,81,1
1,81,1
1,82,1
1,82,1
1,83,1
1,83,1
1,84,1
1,84,1
1,85,1
1,85,1
1,86,1
1,86,1
1,87,1
1,87,1
1,87,1
1,88,1
1,88,1
1,89,1
1,89,1
1,90,1
1,90,1
1,91,1
1,91,1
1,92,1
1,92,1
1,93,2
1,93,2
1,94,2
1,94,2
1,95,2
1,95,2
1,96,2
1,96,2
1,97,2
1,97,2
1,98,2
1,98,2
1,98,2
1,98,2
1,99,2
1,99,2
1,99,2
1,99,2
1,99,2
1,99,2
1,100,2
1,100,2
1,100,2
1,100,2
1,100,2
1,100,2
1,100,2
1,101,2
1,101,2
1,101,2
1,101,2
1,101,2
1,101,2
1,101,2
1,102,2
1,102,2
1,102,2
1,102,2
1,102,2
1,102,2
1,102,2
1,103,2
1,103,2
1,103,2
1,103,2
1,103,2
1,103,2
1,104,2
1,104,2
1,104,2
1,104,2
1,104,2
1,104,2
1,104,2
1,105,2
1,105,2
1,105,2
1,105,2
1,105,2
1,105,2
1,106,2
1,106,2
1,106,2
1,106,2
1,106,2
1,106,2
1,106,2
1,107,2
1,107,2
1,107,2
1,107,2
1,107,2
1,107,2
1,107,2
1,107,2
1,107,2
1,107,2
1,108,2
1,108,2
1,108,2
1,108,2
1,108,2
1,108,2
1,108,2
1,108,2
1,108,2
1,108,2
1,108,2
1,108,2
1,108,2
1,108,2
1,109,2
1,109,2
1,109,2
1,109,2
1,109,2
1,109,2
1,109,2
1,109,2
1,109,2
1,109,2
1,109,2
1,109,2
1,109,2
1,109,2
1,109,2
1,110,2
1,110,2
1,110,2
1,110,2
1,110,2
1,110,2
1,110,2
1,110,2
1,110,2
1,110,2
1,110,2
1,110,2
1,110,2
1,110,2
1,111,2
1,111,2
1,111,2
1,111,2
1,111,2
1,111,2
1,111,2
1,111,2
1,111,2
1,111,2
1,111,2
1,111,2
1,111,2
1,111,2
1,111,2
1,112,2
1,112,2
1,112,2
1,112,2
1,112,2
1,112,3
1,112,3
1,112,3
1,112,3
1,112,3
1,112,3
1,112,3
1,112,3
1,112,3
1,113,3
1,113,3
1,113,3
1,113,3
1,113,3
1,113,3
1,113,3
1,113,3
1,113,3
1,113,3
1,113,3
1,113,3
1,113,3
1,113,3
1,113,3
1,114,3
1,114,3
1,114,3
1,114,3
1,114,3
1,114,3
1,114,3
1,114,3
1,114,3
1,114,3
1,114,3
1,114,3
1,114,3
1,114,3
1,114,3
1,115,3
1,115,3
1,115,3
1,115,3
1,115,3
1,115,3
1,115,3
1,115,3
1,115,3
1,115,3
1,115,3
1,115,3
1,115,3
1,115,3
1,116,3
1,116,3
1,116,3
1,116,3
1,116,3
1,116,3
1,116,3
1,116,3
1,116,3
1,116,3
1,116,3
1,116,3
1,116,3
1,116,3
1,116,3
1,117,3
1,117,3
1,117,3
1,117,3
1,117,3
1,117,3
1,117,3
1,117,3
1,117,3
1,117,3
1,117,3
1,117,3
1,117,3
1,117,3
1,118,3
1,118,3
1,118,3
1,118,3
1,118,3
1,118,3
1,118,3
1,118,3
1,118,3
1,118,3
1,118,3
1,118,3
1,118,3
1,118,3
1,118,3
1,119,3
1,119,3
1,119,3
1,119,3
1,119,3
1,119,3
1,119,3
1,119,3
1,119,3
1,119,3
1,119,3
1,119,3
1,119,3
1,119,3
1,120,3
1,120,3
1,120,3
1,120,3
1,120,3
1,120,3
1,120,3
1,120,3
1,120,3
1,120,4
1,120,4
1,120,4
1,120,4
1,120,4
1,120,4
1,121,4
1,121,4
1,121,4
1,121,4
1,121,4
1,121,4
1,121,4
1,121,4
1,121,4
1,121,4
1,121,4
1,121,4
1,121,4
1,121,4
1,122,4
1,122,4
1,122,4
1,122,4
1,122,4
1,122,4
1,122,4
1,122,4
1,122,4
1,122,4
1,122,4
1,122,4
1,122,4
1,122,4
1,122,4
1,122,4
1,122,4
1,122,4
1,122,4
1,122,4
1,122,4
1,122,4
1,122,4
1,122,4
1,122,4
1,122,4
1,122,4
1,122,4
1,122,4
1,122,4
1,122,4
1,123,4
1,123,4
1,123,4
1,123,4
1,123,4
1,123,4
1,123,4
1,123,4
1,123,4
1,123,4
1,123,4
1,123,4
1,123,4
1,123,4
1,123,4
1,123,4
1,123,4
1,123,4
1,123,4
1,123,4
1,123,4
1,123,4
1,123,4
1,123,4
1,123,4
1,123,4
1,123,4
1,123,4
1,123,4
1,123,4
1,123,4
1,123,4
1,123,4
1,123,4
1,123,4
1,123,4
1,123,4
1,123,4
1,123,4
1,123,4
1,123,4
1,123,4
1,123,4
1,123,4
1,123,4
1,123,4
1,123,4
1,123,4
1,123,4
1,123,4
1,123,4
1,123,4
1,123,4
1,123,4
1,123,4
1,123,4
1,123,4
1,123,4
1,124,4
1,124,4
1,124,4
1,124,4
1,124,4
1,124,4
1,124,4
1,124,4
1,124,5
1,124,5
1,124,5
1,124,5
1,124,5
1,124,5
1,124,5
1,124,5
1,124,5
1,124,5
1,124,5
1,124,5
1,124,5
1,124,5
1,124,5
1,124,5
1,124,5
1,124,5
1,124,5
1,124,5
1,124,5
1,124,5
1,124,5
1,124,5
1,124,5
1,124,5
1,124,5
1,124,5
1,124,5
1,124,5
1,124,5
1,124,5
1,124,5
1,124,5
1,124,5
1,124,5
1,124,5
1,124,5
1,124,5
1,124,5
1,124,5
1,124,5
1,124,5
1,124,5
1,124,5
1,124,5
1,124,5
1,124,5
1,124,5
1,124,5
1,125,5
1,125,5
1,125,5
1,125,5
1,125,5
1,125,5
1,125,5
1,125,5
1,125,5
1,125,5
1,125,5
1,125,5
1,125,5
1,125,5
1,125,5
1,125,5
1,125,5
1,125,5
1,125,5
1,125,5
1,125,5
1,125,5
1,125,5
1,125,5
1,125,5
1,125,5
1,125,5
1,125,5
1,125,5
1,125,5
1,125,5
1,125,5
1,125,5
1,125,5
1,125,5
1,125,5
1,125,5
1,125,5
1,125,5
1,125,5
1,125,5
1,125,5
1,125,5
1,125,5
1,125,5
1,125,5
1,125,5
1,125,5
1,125,5
1,125,5
1,125,5
1,125,5
1,125,5
1,125,5
1,125,5
1,125,5
1,125,5
1,126,5
1,126,5
1,126,5
1,126,5
1,126,5
1,126,5
1,126,5
1,126,5
1,126,5
1,126,5
1,126,5
1,126,5
1,126,5
1,126,5
1,126,5
1,126,5
1,126,5
1,126,5
1,126,5
1,126,5
1,126,5
1,126,5
1,126,5
1,126,5
1,126,5
1,126,5
1,126,5
1,126,5
1,126,5
1,126,5
1,126,5
1,126,5
1,126,5
1,126,5
1,126,5
1,126,5
1,126,5
1,126,5
1,126,5
1,126,5
1,126,5
1,126,5
1,126,5
1,126,5
1,126,5
1,126,5
1,126,5
1,126,5
1,126,5
1,126,5
1,126,5
1,126,5
1,126,5
1,126,5
1,126,5
1,126,5
1,127,5
1,127,5
1,127,5
1,127,5
1,127,5
1,127,5
1,127,5
1,127,5
1,127,5
1,127,5
1,127,5
1,127,5
1,127,5
1,127,5
1,127,5
1,127,5
1,127,5
1,127,5
1,127,5
1,127,5
1,127,5
1,127,5
1,127,5
1,127,5
1,127,5
1,127,5
1,127,5
1,127,5
1,127,5
1,127,5
1,127,5
1,127,4
1,127,4
1,127,4
1,127,4
1,127,4
1,127,4
1,127,4
1,127,4
1,127,4
1,127,4
1,127,4
1,127,4
1,127,4
1,127,4
1,127,4
1,127,4
1,127,4
1,127,4
1,127,4
1,127,4
1,127,4
1,127,4
1,127,4
1,128,4
1,128,4
1,128,4
1,128,4
1,128,4
1,128,4
1,128,4
1,128,4
1,128,4
1,128,4
1,128,4
1,128,4
1,128,4
1,128,4
1,128,4
1,128,4
1,128,4
1,128,4
1,128,4
1,128,4
1,128,4
1,128,4
1,128,4
1,128,4
1,128,4
1,128,4
1,128,4
1,128,4
1,128,4
1,128,4
1,128,4
1,128,4
1,128,4
1,128,4
1,128,4
1,128,4
1,128,4
1,128,4
1,128,4
1,128,4
1,128,4
1,128,4
1,128,4
1,128,4
1,128,4
1,128,4
1,128,4
1,128,4
1,128,4
1,128,4
1,128,4
1,128,4
1,128,4
1,129,4
1,129,4
1,129,4
1,129,4
1,129,4
1,129,4
1,129,4
1,129,4
1,129,4
1,129,4
1,129,4
1,129,4
1,129,4
1,129,4
1,129,4
1,129,4
1,129,4
1,129,4
1,129,4
1,129,4
1,129,4
1,129,4
1,129,4
1,129,4
1,129,4
1,129,4
1,129,4
1,129,4
1,129,4
1,129,4
1,129,4
1,129,4
1,129,4
1,129,4
1,129,4
1,129,4
1,129,4
1,129,4
1,129,4
1,129,4
1,129,4
1,129,4
1,129,4
1,129,4
1,129,4
1,129,4
1,129,4
1,129,4
1,129,4
1,129,4
1,129,4
1,129,4
1,129,4
1,129,4
1,130,4
1,130,4
1,130,4
1,130,4
1,130,4
1,130,4
1,130,4
1,130,4
1,130,4
1,130,4
1,130,4
1,130,4
1,130,4
1,130,4
1,130,4
1,130,4
1,130,4
1,130,4
1,130,4
1,130,4
1,130,4
1,130,4
1,130,4
1,130,4
1,130,4
1,130,4
1,130,4
-1,143,38
#MOTOR_B1
-1,77,3
2,77,6
2,77,9
2,77,12
2,77,15
2,77,18
2,78,44
2,78,69
2,78,94
2,78,95
2,78,96
2,78,97
2,78,98
2,78,98
2,79,99
2,79,100
2,79,101
2,79,102
2,79,103
2,79,104
2,79,105
2,79,105
2,80,106
2,80,107
2,80,108
2,80,109
2,80,109
2,80,109
2,80,108
2,80,107
2,81,107
2,81,106
2,81,105
2,81,105
2,81,104
2,81,103
2,81,103
2,81,102
2,82,101
2,82,100
2,82,100
2,82,99
2,82,98
2,82,98
2,82,97
2,82,96
2,82,96
2,83,95
2,83,94
2,83,94
2,83,93
2,83,90
2,83,86
2,83,82
2,83,78
2,84,74
2,84,70
2,84,67
2,84,63
2,84,59
2,84,55
2,84,51
2,84,47
2,85,43
2,85,39
2,85,35
2,85,31
2,85,27
2,85,24
2,85,20
2,85,16
2,86,12
2,86,8
2,86,4
2,86,0
2,86,0
2,86,0
2,86,0
2,86,0
2,87,0
2,87,0
2,87,0
2,87,0
2,87,0
2,87,0
2,88,0
2,88,0
2,88,0
2,88,0
2,88,0
2,88,0
2,88,0
2,88,0
2,89,0
2,89,0
2,89,0
2,89,0
2,89,0
2,89,0
2,89,0
2,90,0
2,90,0
2,90,0
2,90,0
2,90,0
2,90,0
2,90,0
2,91,0
2,91,0
2,91,0
2,91,0
2,91,0
2,91,0
2,91,0
2,91,0
2,92,0
2,92,0
2,92,0
2,92,0
2,92,0
2,92,0
2,92,0
2,93,0
2,93,0
2,93,0
2,93,0
2,93,0
2,93,0
2,93,0
2,94,0
2,94,0
2,94,0
2,94,0
2,94,0
2,94,0
2,94,0
2,95,0
2,95,0
2,95,0
2,95,0
2,95,0
2,95,0
2,95,0
2,95,0
2,96,0
2,96,0
2,96,0
2,96,0
2,96,0
2,96,0
2,96,0
2,97,0
2,97,0
2,97,0
2,97,0
2,97,0
2,97,0
2,97,0
2,98,0
2,98,0
2,98,0
2,98,0
2,98,0
2,98,0
2,98,0
2,98,0
2,99,0
2,99,0
2,99,0
2,99,0
2,99,0
2,99,0
2,99,0
2,100,0
2,100,0
2,100,0
2,100,0
2,101,0
2,101,0
2,101,0
2,101,0
2,101,0
2,101,0
2,101,0
2,101,0
2,101,0
2,101,0
2,101,0
2,101,0
2,101,0
2,101,0
2,101,0
2,101,0
2,101,0
2,101,0
2,101,0
2,101,0
2,101,0
2,101,0
2,101,0
2,101,0
2,101,0
2,101,0
2,101,0
2,101,0
2,101,0
2,101,0
2,101,0
2,101,0
2,101,0
2,101,0
2,101,0
2,101,0
2,101,0
2,101,0
2,101,0
2,101,0
2,101,0
2,101,0
2,101,0
2,101,0
2,101,0
2,101,0
2,101,0
2,101,0
2,101,0
2,101,0
2,101,0
2,101,0
2,101,0
2,101,0
2,101,0
2,101,0
2,101,0
2,101,0
2,101,0
2,101,0
2,101,0
2,101,0
2,101,0
2,101,0
2,101,0
2,101,0
2,101,0
2,101,0
2,101,0
2,101,0
2,101,0
2,101,0
2,101,0
2,101,0
2,101,0
2,101,0
2,101,0
2,101,0
2,101,0
2,101,0
2,101,0
2,101,0
2,101,0
2,101,0
2,101,0
2,101,0
2,101,0
2,101,0
2,101,0
2,101,0
2,101,0
2,101,0
2,101,0
2,101,0
2,101,0
2,101,0
2,101,0
2,101,0
2,101,0
2,101,0
2,101,0
2,101,0
2,101,0
2,101,0
2,101,0
2,101,0
2,101,0
2,101,0
2,101,0
2,101,0
2,101,0
2,101,0
2,101,0
2,101,0
2,101,0
2,101,0
2,101,0
2,101,0
2,101,0
2,101,0
2,101,0
2,101,0
2,101,0
2,101,0
2,101,0
2,101,0
2,101,0
2,101,0
2,101,0
2,101,0
2,101,0
2,101,0
2,101,0
2,101,0
2,101,0
2,101,0
2,101,0
2,101,0
2,101,0
2,101,0
2,101,0
2,101,0
2,101,0
2,101,0
2,101,0
2,101,0
2,101,0
2,101,0
2,101,0
2,101,0
2,101,0
2,101,0
2,101,0
2,101,0
2,101,0
2,101,0
2,101,0
2,101,0
2,101,0
2,101,0
2,101,0
2,101,0
2,101,0
2,101,0
2,101,0
-1,101,0
-1,101,0
-1,101,0
-1,101,0
-1,101,0
-1,101,0
-1,101,0
-1,101,0
-1,101,0
-1,101,0
-1,101,0
-1,101,0
-1,101,0
-1,101,0
-1,101,0
-1,101,0
-1,101,0
-1,101,0
-1,101,0
-1,101,0
-1,101,0
-1,101,0
-1,101,0
-1,101,0
-1,101,0
-1,101,127
-1,101,127
-1,101,127
-1,101,127
-1,101,127
-1,101,127
-1,101,127
-1,101,127
-1,101,127
-1,101,127
-1,101,127
-1,101,127
-1,101,127
-1,101,127
-1,101,127
-1,101,127
-1,101,127
-1,101,127
-1,101,127
-1,101,127
-1,101,127
-1,101,127
-1,90,127
-1,90,127
-1,90,127
-1,90,127
-1,90,127
-1,90,127
-1,90,127
-1,90,127
-1,90,127
-1,90,127
-1,90,127
-1,90,127
-1,90,127
-1,90,127
-1,90,127
-1,90,127
-1,90,127
-1,90,127
-1,90,127
-1,90,127
-1,90,127
-1,90,127
-1,90,127
-1,90,127
-1,90,127
-1,90,127
-1,90,127
-1,90,127
-1,90,127
-1,90,127
-1,90,127
-1,90,127
-1,90,127
-1,90,127
-1,90,127
-1,90,127
-1,90,127
-1,90,127
-1,90,127
-1,90,127
-1,90,127
-1,90,127
-1,90,127
-1,90,127
-1,90,127
-1,90,127
-1,90,127
-1,90,127
-1,90,127
-1,90,127
-1,90,127
-1,90,127
-1,90,127
-1,90,127
-1,90,127
-1,90,127
-1,90,127
-1,90,127
-1,90,127
-1,90,127
-1,90,127
-1,90,127
-1,90,127
-1,90,127
-1,90,127
-1,90,127
-1,90,127
-1,90,127
-1,90,127
-1,90,127
-1,90,127
-1,90,127
-1,90,127
-1,90,127
-1,90,127
-1,90,127
-1,90,127
-1,90,127
-1,90,127
-1,90,127
-1,90,127
-1,90,127
-1,90,127
-1,90,127
-1,90,127
-1,90,127
-1,90,127
-1,90,127
-1,90,127
-1,90,127
-1,90,127
-1,90,127
-1,90,127
-1,90,127
-1,90,127
-1,90,127
-1,90,127
-1,90,127
-1,90,127
-1,90,127
-1,90,127
-1,90,127
-1,90,127
-1,90,127
-1,90,127
-1,90,127
-1,90,127
-1,90,127
-1,90,127
-1,90,127
-1,90,127
-1,90,127
-1,90,127
-1,90,127
-1,90,127
-1,90,127
-1,90,127
-1,90,127
-1,90,127
-1,90,127
-1,90,127
-1,90,127
-1,90,127
-1,90,127
-1,90,127
-1,90,127
-1,90,127
-1,90,127
-1,90,127
-1,90,127
-1,90,127
-1,90,127
-1,90,127
-1,90,127
-1,90,127
-1,90,127
-1,90,127
-1,90,127
-1,90,127
-1,90,127
-1,90,127
-1,90,127
-1,90,127
-1,90,127
-1,90,127
-1,90,127
-1,90,127
-1,90,127
-1,90,127
-1,90,127
-1,90,127
-1,90,127
-1,90,127
-1,90,127
-1,90,127
-1,90,127
-1,90,127
-1,90,127
-1,90,127
-1,90,127
-1,90,127
-1,90,127
-1,90,127
-1,90,127
-1,90,127
-1,90,127
-1,90,127
-1,90,127
-1,90,127
-1,90,127
-1,90,127
-1,90,127
-1,90,127
-1,90,127
-1,90,127
-1,90,127
-1,90,127
-1,90,127
-1,90,127
-1,90,127
-1,90,127
-1,90,127
-1,90,127
-1,90,127
-1,90,127
-1,90,127
-1,90,127
-1,90,127
-1,90,127
-1,90,127
-1,90,127
-1,90,127
-1,90,127
-1,90,127
-1,90,127
-1,90,127
-1,90,127
-1,90,127
-1,90,127
-1,90,127
-1,90,127
-1,90,127
-1,90,127
-1,90,127
-1,90,127
-1,90,127
-1,90,127
-1,90,127
-1,90,127
-1,90,127
-1,90,127
-1,90,127
-1,90,127
-1,90,127
-1,90,127
-1,90,127
-1,90,127
-1,90,127
-1,90,127
-1,90,127
-1,90,127
-1,90,127
-1,90,127
-1,90,127
-1,90,127
-1,90,127
-1,90,127
-1,90,127
-1,90,127
-1,90,127
-1,90,127
-1,90,127
-1,90,127
-1,90,127
-1,90,127
-1,90,127
-1,90,127
-1,90,127
-1,90,127
-1,90,127
-1,90,127
-1,90,127
-1,90,127
-1,90,127
-1,90,127
-1,90,127
-1,90,127
-1,90,127
-1,90,127
-1,90,127
-1,90,127
-1,90,127
-1,90,127
-1,90,127
-1,90,127
-1,90,127
-1,90,127
-1,90,127
-1,90,127
-1,90,127
-1,90,127
-1,90,127
-1,90,127
-1,90,127
-1,90,127
-1,90,127
-1,90,127
-1,90,127
-1,90,127
-1,90,127
-1,90,127
-1,90,127
-1,90,127
-1,90,127
-1,90,127
-1,90,127
-1,90,127
-1,90,127
-1,90,127
-1,90,127
-1,90,127
-1,90,127
-1,90,127
-1,90,127
-1,90,127
-1,90,127
-1,90,127
-1,90,127
-1,90,127
-1,90,127
-1,90,127
-1,90,127
-1,90,127
-1,90,127
-1,90,127
-1,90,127
-1,90,127
-1,90,127
-1,90,127
-1,90,127
-1,90,127
-1,90,127
-1,90,127
-1,90,127
-1,90,127
-1,90,127
-1,90,127
-1,90,127
-1,90,127
-1,90,127
-1,90,127
-1,90,127
-1,90,127
-1,90,127
-1,90,127
-1,90,127
-1,90,127
-1,90,127
-1,90,127
-1,90,127
-1,90,127
-1,90,127
-1,90,127
-1,90,127
-1,90,127
-1,90,127
-1,90,127
-1,90,127
-1,90,127
-1,90,127
-1,90,127
-1,90,127
-1,90,127
-1,90,127
-1,90,127
-1,90,127
-1,90,127
-1,90,127
-1,90,127
-1,90,127
-1,90,127
-1,90,127
-1,90,127
-1,90,127
-1,90,127
-1,90,127
-1,90,127
-1,90,127
-1,90,127
-1,90,127
-1,90,127
-1,90,127
-1,90,127
-1,90,127
-1,90,127
-1,90,127
-1,90,127
-1,90,127
-1,90,127
-1,90,127
-1,90,127
-1,90,127
-1,90,127
-1,90,127
-1,90,127
-1,90,127
-1,90,127
-1,90,127
-1,90,127
-1,90,127
-1,90,127
-1,90,127
-1,90,127
-1,90,127
-1,90,127
-1,90,127
-1,90,127
-1,90,127
-1,90,127
-1,90,127
-1,90,127
-1,90,127
-1,90,127
-1,90,127
-1,90,127
-1,90,127
-1,90,127
-1,90,127
-1,90,127
-1,90,127
-1,90,127
-1,90,127
-1,90,127
-1,90,127
-1,90,127
-1,90,127
-1,90,127
-1,90,127
-1,90,127
-1,90,127
-1,90,127
-1,90,127
-1,90,127
-1,90,127
-1,90,127
-1,90,127
-1,90,127
-1,90,127
-1,90,127
-1,90,127
-1,133,127
#MOTOR_B2
0,12,0
0,13,0
0,14,0
0,15,0
0,16,0
0,17,0
0,17,0
0,18,0
0,19,0
0,20,0
0,21,0
0,22,0
0,23,2
0,24,3
0,25,4
0,26,5
0,27,6
0,27,8
0,28,9
0,29,10
0,30,11
0,31,12
0,32,13
0,33,14
0,34,15
0,35,16
0,36,17
0,37,17
0,37,18
0,38,19
0,39,20
0,40,21
0,41,22
0,42,23
0,43,24
0,44,25
0,45,26
0,46,27
0,47,28
0,47,28
0,48,29
0,49,31
0,50,32
0,51,33
0,52,35
0,53,36
0,54,37
0,55,38
0,55,39
0,57,41
0,58,42
0,59,43
0,60,44
0,61,45
0,61,47
0,62,48
0,63,49
0,64,50
0,65,52
0,66,53
0,67,54
0,68,55
0,68,56
0,69,58
0,70,59
0,71,60
0,72,61
0,73,62
0,74,64
0,75,65
0,75,66
0,76,67
0,77,68
0,78,70
0,79,71
0,80,72
0,81,72
0,82,72
0,82,72
0,83,72
0,84,72
0,85,72
0,86,72
0,87,72
0,88,72
0,89,72
0,89,72
0,90,72
0,91,72
0,92,72
0,93,71
0,94,71
0,95,71
0,96,71
0,96,71
0,97,71
0,98,71
0,99,71
0,100,71
0,101,71
0,102,71
0,103,71
0,103,71
0,104,71
0,105,71
0,106,71
0,107,71
0,108,71
0,109,71
0,110,71
0,111,71
0,111,71
0,112,71
0,113,71
0,114,71
0,115,71
0,116,71
0,117,71
0,118,70
0,118,70
0,119,70
0,120,70
0,121,70
0,122,70
0,123,70
0,124,70
0,125,70
0,125,70
0,126,69
0,127,69
0,128,69
0,129,69
0,130,69
0,131,69
0,132,69
0,132,69
0,133,70
0,134,70
0,135,70
0,136,70
0,137,70
0,138,70
0,139,70
0,139,70
0,140,70
0,141,70
0,142,70
0,143,70
0,144,70
0,145,70
0,146,70
0,147,70
0,148,70
0,148,71
0,149,71
0,150,71
0,150,71
0,151,71
0,152,70
0,152,71
0,153,72
0,154,73
0,154,74
0,155,75
0,156,75
0,156,76
0,157,77
0,157,78
0,158,79
0,159,80
0,159,81
0,160,82
0,161,83
0,161,84
0,162,85
0,163,86
0,163,86
0,164,87
0,165,88
0,165,89
0,166,90
0,167,91
0,167,92
0,168,93
0,169,94
0,169,95
0,170,96
0,171,97
0,171,97
0,172,98
0,172,99
0,173,100
0,174,101
0,174,102
0,175,103
0,176,104
0,176,105
0,177,106
0,178,107
0,178,107
0,179,108
0,180,109
0,180,110
0,181,111
0,182,112
0,182,113
0,183,114
0,184,115
0,184,116
0,185,117
0,186,118
0,186,118
0,187,119
0,188,120
0,188,121
0,189,122
0,190,123
0,190,124
0,191,125
0,191,126
0,192,127
0,193,127
0,193,127
0,194,127
0,195,127
0,195,127
0,196,127
0,197,127
0,197,127
0,198,127
0,199,127
0,199,127
0,200,127
0,201,127
0,201,127
0,202,127
0,203,127
0,203,127
0,204,127
0,205,127
0,205,127
0,206,127
0,206,127
0,207,127
0,208,127
0,208,127
0,209,127
0,210,127
0,210,127
0,211,127
0,212,127
0,212,127
0,213,127
0,214,127
0,214,127
0,214,127
0,215,127
0,216,127
0,216,127
0,216,127
0,217,127
0,218,127
0,218,127
0,218,127
0,219,127
0,220,127
0,220,127
0,221,127
0,221,127
0,222,127
0,222,127
0,223,127
0,223,127
0,223,127
0,224,127
0,224,127
0,225,127
0,225,127
0,225,127
0,226,127
0,226,127
0,227,127
0,227,127
0,227,127
0,228,127
0,229,127
0,229,127
0,229,127
0,230,127
0,230,127
0,230,127
0,230,127
0,230,127
0,231,127
0,231,127
0,231,126
0,231,125
0,231,125
0,232,124
0,232,123
0,232,122
0,232,121
0,232,121
0,233,120
0,233,119
0,233,118
0,233,117
0,234,117
0,234,116
0,234,115
0,234,114
0,234,113
0,235,113
0,235,112
0,235,111
0,235,110
0,235,110
0,236,109
0,236,108
0,236,107
0,236,106
0,236,106
0,237,105
0,237,104
0,237,103
0,237,102
0,237,102
0,238,101
0,238,100
0,238,99
0,238,98
0,238,98
0,239,97
0,239,96
0,239,95
0,239,94
0,240,94
0,240,93
0,240,92
0,240,91
0,240,90
0,241,90
0,241,89
0,241,88
0,241,87
0,241,86
0,242,86
0,242,85
0,242,84
0,242,83
0,242,82
0,243,82
0,243,81
0,243,80
0,243,79
0,243,79
0,244,78
0,244,77
0,244,76
0,244,75
0,244,75
0,245,74
0,245,73
0,245,72
0,245,71
0,245,73
0,246,73
0,246,73
0,246,73
0,246,73
0,246,73
0,247,73
0,247,73
0,247,72
0,247,72
0,248,72
0,248,72
0,248,72
0,248,72
0,248,72
0,249,72
0,249,72
0,249,72
0,249,72
0,249,72
0,250,72
0,250,72
0,250,71
0,250,71
0,250,71
0,251,71
0,251,71
0,251,71
0,251,71
0,251,71
0,252,71
0,252,71
0,252,71
0,252,71
0,252,71
0,253,71
0,253,71
0,253,70
0,253,70
0,254,70
0,254,70
0,254,70
0,254,70
0,254,70
0,255,70
0,255,70
0,255,70
0,255,70
0,255,70
0,256,70
0,256,70
0,256,69
0,256,69
0,256,69
0,257,69
0,257,69
0,257,69
0,257,69
0,257,69
0,258,67
0,258,67
0,258,67
0,258,67
0,258,67
0,259,66
0,259,66
0,259,66
0,259,66
0,259,65
0,260,65
0,260,65
0,260,65
0,260,65
0,260,64
0,261,64
0,261,64
0,261,64
0,261,64
0,262,63
0,262,63
0,262,63
0,262,63
0,262,62
0,263,62
0,263,62
0,263,62
0,263,62
0,263,61
0,264,61
0,264,61
0,264,61
0,264,61
0,264,60
0,265,60
0,265,60
0,265,60
0,265,60
0,265,59
0,266,59
0,266,59
0,266,59
0,266,58
0,266,58
0,267,58
0,267,58
0,267,58
0,267,57
0,268,57
0,268,57
0,268,57
0,268,57
0,268,56
0,269,56
0,269,56
0,269,56
0,269,55
0,269,55
0,270,55
0,270,55
0,270,55
0,270,54
0,270,54
0,271,54
0,271,54
0,271,54
0,271,53
0,271,53
0,272,53
0,272,53
0,272,52
0,272,52
0,272,52
0,272,52
0,272,52
0,272,51
0,272,51
0,272,51
0,273,51
0,273,51
0,273,50
0,273,50
0,273,50
0,273,50
0,273,50
0,273,49
0,273,49
0,273,49
0,274,49
0,274,48
0,274,48
0,274,48
0,274,48
0,274,48
0,274,47
0,274,47
0,274,47
0,274,47
0,275,47
0,275,46
0,275,46
0,275,46
0,275,46
0,275,45
0,275,45
0,275,45
0,275,45
0,276,45
0,276,44
0,276,44
0,276,44
0,276,44
0,276,44
0,276,43
0,276,43
0,276,43
0,276,43
0,277,43
0,277,42
0,277,42
0,277,42
0,277,42
0,277,41
0,277,41
0,277,41
0,277,41
0,277,41
0,278,40
0,278,40
0,278,40
0,278,40
0,278,40
0,278,39
0,278,39
0,278,39
0,278,39
0,278,38
0,279,38
0,279,38
0,279,38
0,279,38
0,279,37
0,279,37
0,279,37
0,279,37
0,279,37
0,279,36
0,280,36
0,280,36
0,280,36
0,280,36
0,280,35
0,280,35
0,280,35
0,280,35
0,280,34
0,281,34
0,281,34
0,281,34
0,281,34
0,281,33
0,281,33
0,281,33
0,281,33
0,281,33
0,281,32
0,282,32
0,282,32
0,282,32
0,282,31
0,282,31
0,282,31
0,282,31
0,282,31
0,282,30
0,282,30
0,283,30
0,283,30
0,283,30
0,283,29
0,283,29
0,283,29
0,283,29
0,283,28
0,283,28
0,283,28
0,284,28
0,284,28
0,284,27
0,284,27
0,284,27
0,284,27
0,284,27
0,284,26
0,284,26
0,284,26
0,285,26
0,285,26
0,285,25
0,285,25
0,285,25
0,285,25
0,285,24
0,285,24
0,285,24
0,286,24
0,286,24
0,286,23
0,286,23
0,286,23
0,286,23
0,286,23
0,286,22
0,286,22
0,286,22
0,287,22
0,287,21
0,287,21
0,287,21
0,287,21
0,287,21
0,287,20
0,287,20
0,287,20
0,287,20
0,288,20
0,288,19
0,288,19
0,288,19
0,288,19
0,288,18
0,288,18
0,288,18
0,288,18
0,288,18
0,289,17
0,289,17
0,289,17
0,289,17
0,289,17
0,289,16
0,290,16
0,290,16
0,290,16
0,399,16
0,399,15
0,399,15
0,399,15
0,399,15
0,399,14
0,399,14
0,399,14
0,399,14
0,399,14
0,399,13
0,399,13
0,399,13
0,399,13
0,399,13
0,399,12
0,399,12
0,399,12
0,399,12
0,399,11
0,399,11
0,399,11
0,399,11
0,399,11
0,399,10
0,399,10
0,399,10
0,399,10
0,399,10
0,399,10
0,399,10
0,399,10
0,399,9
0,399,9
0,399,9
0,399,9
0,399,9
0,399,9
0,399,9
0,399,9
0,399,9
0,399,9
0,399,8
0,399,8
0,399,8
0,399,8
0,399,8
0,399,8
0,399,8
0,399,8
0,399,8
0,399,8
0,399,7
0,399,7
0,399,7
0,399,7
0,399,7
0,399,7
0,399,7
0,399,7
0,399,7
0,399,7
0,399,6
0,399,6
0,399,6
0,399,6
0,399,6
0,399,6
0,399,6
0,399,6
0,399,6
0,399,6
0,399,5
0,399,5
0,399,5
0,399,5
0,399,5
0,399,5
0,399,5
0,399,5
0,399,5
0,399,5
0,399,4
0,399,4
0,399,4
0,399,4
0,399,4
0,399,4
0,399,4
0,399,4
0,399,4
0,399,4
0,399,3
0,399,3
0,399,3
0,399,3
0,399,3
0,399,3
0,399,3
0,399,3
0,399,3
0,399,3
0,399,2
0,399,2
0,399,2
0,399,2
0,399,2
0,399,2
0,399,2
0,399,2
0,399,2
0,399,2
0,399,1
0,399,1
0,399,1
0,399,1
0,399,1
0,399,1
0,399,1
0,399,1
0,399,1
0,399,1
0,399,0
0,399,0
0,399,0
0,399,0
0,399,0
0,399,0
0,399,0
0,399,0
0,399,37
-1,399,126
#
