250.75
.brightness 128
251.5
.FreeObj (0; 16; -3.5; 9.5; 0)
252.35
.FreeObj (0; 35; -5; -1; 0)
.FreeObj (0; 35; 5; -1; 0)
255
.FreeObj (0; 35; -8; -1; 45)
.FreeObj (0; 27; -6; 2.5; 0)
275
.brightness 255
262
.FreeObj (0; 136; -2.5; -0.5;0)
.FreeObj (0; 24; -7; 3; 0)
265
.FreeObj (0; 135; -2; -0.15; 180)
270
.FreeObj (0; 24; -6; 2; 0)
275
.Pitch(8)
280
.FreeObj (0; 22; 1.3; 1.5; 180)
.FreeObj (0; 24; -6.5; 2; 0)
.FreeObj (0; 13; 1; 0; 180)
283
.FreeObj (0; 24; -4.5; 0; 0)
290
.FreeObj (0; 28; -5.5; 0; 0)
.FreeObj (0; 26; -5.5; 1; 0)
300
.FreeObj (0; 118; -27; -0.5; 90)
305
.FreeObj (0; 22; 1.3; 1.5; 180)
305.6
.FreeObj (0; 13; 1; 0; 180)
315
.FreeObj (0; 24; -5; 0; 0)
320
.FreeObj (0; 28; -5.5; 0; 0)
325
.FreeObj (0; 24; -5; 0; 0)
330
.FreeObj (0; 47; -15; -0.5; 90)
.FreeObj (0; 22; 1.2; 1.5; 180)
.FreeObj (0; 28; -5.5; 0; 0)
.FreeObj (0; 26; -5.5; 1; 0)
331.2
.FreeObj (0; 13; 1; 0; 180)
338
.FreeObj (0; 24; -5; 0; 0)
352
.FreeObj (0; 28; 2.5; 0; 45)
355
.FreeObj (0; 22; 1.2; 1.5; 180)
.FreeObj (0; 26; -5.5; 1; 0)
356.8
.FreeObj (0; 13; 1; 0; 180)
362
.FreeObj (0; 136; 2.2; -0.5;0)
372
.FreeObj (0; 27; -5; -0.5; 0)
375
.ground(3)
.dike(0;-1;5)
380
.FreeObj (0; 22; 1.2; 1.5; 180)
.FreeObj (0; 30; -7; -2; 0)
382.4
.FreeObj (0; 21; 1; 0; 180)
.FreeObj (0; 24; -6; -1.7; 0)
390
.FreeObj (0; 24; -9; -1.7; 0)
397
.FreeObj (0; 24; -6; -1.7; 0)
.FreeObj (0; 24; -10; -1.7; 0)
.FreeObj (0; 24; 4.5; -1; 0)
400
.Curve 400;8
.Railtype 0;13
.FreeObj (0; 30; 4.8; -0.3; 0)
401
.FreeObj (0; 24; 12.5; -0.5; 0)
402
.FreeObj (0; 24; -6; -1.7; 0) 
.FreeObj (0; 24; 8.5; -1; 0)
403.6
.FreeObj (0; 29; 17.6; 19; 178)
405
.FreeObj (0; 27; -7; -1.5; 45)
410
.FreeObj (0; 24; -6; -1.7; 0)
.FreeObj (0; 24; 7; -1; 0)
415
.FreeObj (0; 24; -6; -1.7; 0)
.FreeObj (0; 27; -7; -1.5; 45)
417
.FreeObj (0; 24; 5.5; -1; 0)
418.2
.FreeObj (0; 29; 17.3; 19; 179)
420
.FreeObj (0; 24; 4.5; -1; 0)
.FreeObj (0; 24; -6; -1.7; 0)
.FreeObj (0; 23; -6; -1.5; 45)
422
.FreeObj (0; 24; 8.5; -1; 0)
425
.Curve 300;20
.Railtype 0;5
.FreeObj (0; 27; -7; -1.5; 45)
.FreeObj (0; 30; -7; -1.5; 0)
430
.FreeObj (0; 24; 7; -1; 0)
434
.FreeObj (0; 29; 17.3; 18.9; 177)
435
.FreeObj (0; 24; -6; -1.7; 0)
.FreeObj (0; 27; -7; -1.5; 45)
437
.FreeObj (0; 24; 5.5; -1; 0)
440
.FreeObj (0; 24; 4.5; -1; 0)
.FreeObj (0; 30; -6; -1.8; 0)
447
.FreeObj (0; 29; 17.3; 18.9; 179)
450
.FreeObj (0; 27; -7; -1.5; 45)
457
.FreeObj (0; 24; -7; -1.5; 0)
462
.FreeObj (0; 136; -3; -0.5;0)
462
.FreeObj (0; 29; 17.4; 18.9; 178)
465
.FreeObj (0; 27; -7; -2.5; 45)
.FreeObj (0; 24; -9.5; -1.5; 0)
470
.FreeObj (0; 24; -9.5; -1.5; 0)
471
.FreeObj (0; 23; -6.5; -1.4; 45)
.FreeObj (0; 23; 1; -0.7; 45)
473
.FreeObj (0; 24; -7; -1; 0)
475
.Curve 400;8
.Railtype 0;13
.FreeObj (0; 23; -7; -1.5; 45)
477
.FreeObj (0; 24; -10.5; -2; 0)
477.6
.FreeObj (0; 29; 17.5; 18.9; 176)
480
.FreeObj (0; 27; -7; -2; 45)
483
.FreeObj (0; 24; -12; -1.7; 0)
484
.FreeObj (0; 23; 1.1; -0.4; 45)
.FreeObj (0; 24; 8.5; 2; 0)
486
.FreeObj (0; 24; -10; -1.7; 0)
488
.FreeObj (0; 24; -6; -1.7; 0)
491.8
.FreeObj (0; 24; -6; -1.7; 0)
.FreeObj (0; 29; 17.4; 18.9; 179)
500
.Curve 0;0
.Railtype 0;0
.FreeObj (0; 144; -10; -2; 0)
511.6
.FreeObj (0; 13; 1.1; -0.1; 179.5)
.FreeObj (0; 27; -8; -1.5; 0)
515
.FreeObj (0; 24; -6; -1.7; 0)
520
.FreeObj (0; 26; -6; -1.7; 0)
537
.FreeObj (0; 13; 1.1; -0.1; 180)
545
.FreeObj (0; 24; -6; -1.7; 0)
550
.Curve -400;-8
.Railtype 0;14
.FreeObj (0; 24; -6; -1.7; 0)
555
.FreeObj (0; 23; -6.5; -2; 45)
560
.FreeObj (0; 23; -6.5; -2; 45)
562
.FreeObj (0; 119; 2.4; -0.5;0)
562.5
.FreeObj (0; 13; 1.2; -0.1; 181.5)
565
.FreeObj (0; 23; -6.5; -2; 45)
570
.FreeObj (0; 23; -6.5; -2; 45)
575
.Curve -300;-20
.Railtype 0;12
.FreeObj (0; 23; -6.5; -2; 45)
580
.FreeObj (0; 32; -10; -1.5; 185)
583
.FreeObj (0; 24; -6.5; -1.7; 0)
588.1
.FreeObj (0; 13; 1.2; -0.1; 182)
590
.FreeObj (0; 30; -6.5; -1.7; 0)
602
.FreeObj (0; 24; -10.5; -1.7; 0)
605
.FreeObj (0; 33; -15.8; -1.5; 170)
.FreeObj (0; 47; -23; -2; 95)
.FreeObj (0; 24; -23; -1.7; 0)
608
.FreeObj (0; 24; -15; -1.7; 0)
.FreeObj (0; 24; -20; -1.7; 0)
.FreeObj (0; 27; -7.5; -1.7; 45)
612
.FreeObj (0; 24; -11.5; -1.7; 0)
.FreeObj (0; 28; -7.5; -1.7; 45)
613.5
.FreeObj (0; 13; 1.2; -0.1; 182)
618
.FreeObj (0; 27; -8; -1.7; 45)
625
.FreeObj (0; 28; -7.5; -1.7; 45)
628
.FreeObj (0; 27; -7.5; -1.7; 45)
632
.FreeObj (0; 28; -7.5; -1.7; 45)
636
.FreeObj (0; 27; -7.5; -1.7; 45)
638.8
.FreeObj (0; 13; 1.2; -0.1; 182)
640
.FreeObj (0; 30; -7; -1.7; 0)
644
.FreeObj (0; 27; -7.5; -1.7; 45)
655
.FreeObj (0; 24; -7.5; -1.7; 0)
658
.FreeObj (0; 24; -7.5; -1.7; 0)
661
.FreeObj (0; 50; 60; 0; 0)
.FreeObj (0; 13; 1.2; -0.1; 182.2)
.FreeObj (0; 24; 4.5; -1; 0)
662
.FreeObj (0; 136; -2.5; -0.5; 0)
663
.FreeObj (0; 24; 9; -1; 0)
.FreeObj (0; 24; 13; -1; 0)
665
.FreeObj (0; 27; 2.5; -1.5; 45)
666
.FreeObj (0; 25; -6; -2; 0)
.FreeObj (0; 24; 6; -1; 0)
667
.FreeObj (0; 24; 5; -1; 0)
670
.FreeObj (0; 16; -3.5; 9.5; 0)
672
.FreeObj (0; 25; 5; -1.5; 0)
675
.dike(0;-1;5)
695
.FreeObj (0; 24; 4; 0; 0)
.FreeObj (0; 24; 8; 0; 0)
.FreeObj (0; 24; 10; 0; 0)
700
.FreeObj (0; 17; -0.2; 0; 185)
723
.FreeObj (0; 17; -0.3; 0; 180)
745
.FreeObj (0; 13; 1.2; -0.1; 181)
755
.FreeObj (0; 47; -12; -1.7; 95)
762
.FreeObj (0; 136; 2.2; -0.5; 0)
770.3
.FreeObj (0; 13; 1.2; -0.1; 181)
795.65
.FreeObj (0; 13; 1.2; -0.1; 180.8)
821
.FreeObj (0; 13; 1.2; -0.1; 180.8)
825
.dikeend(0)
.dike(0;-1;6)
830
.FreeObj (0; 47; -12; -1.7; 97)
846.3
.FreeObj (0; 13; 1.2; -0.1; 180.6)
850
.dikeend(0)
.dike(0;-1;7)
862
.FreeObj (0; 136; -2.5; -0.5; 0)
871.5
.FreeObj (0; 13; 1.2; -0.1; 180.8)
875
.Curve -400;-8
.Railtype 0;14
.dikeend(0)
.dike(0;-1;8)
896.8
.FreeObj (0; 13; 1.2; -0.1; 180.5)
898
.FreeObj (0; 25; 5; -1.5; 0)
.FreeObj (0; 24; 10; 0; 0)
905
.FreeObj (0; 47; -10; -1.7; 97)

900
.Railtype(0;0)
.Curve 0;0
.DikeEnd (0)
.Wall(0;0;3)
.FreeObj (0; 37; 5; -0.8; 0)
.FreeObj (0; 40; -15; -0.8; 0)
905
.FreeObj (0; 49; -6.5; -0.4; 0)
.FreeObj (0; 35; 5; -0.5; 0)
910
.FreeObj (0; 49; -6.5; -0.4; 0)
.FreeObj (0; 35; 5; -0.5; 0)
925
.FreeObj (0; 38; 5.9; -0.5; 180)
.FreeObj (0; 49; -6.5; -0.4; 0)
930
.FreeObj (0; 48; -6.5; -0.4; 0)
935
.FreeObj (0; 49; -6.5; -0.4; 0)
940
.FreeObj (0; 48; -6.5; -0.4; 0)
945
.FreeObj (0; 49; -6.5; -0.4; 0)
950
.FreeObj (0; 45; -12; -0.5; 180)
.FreeObj (0; 40; 5.9; -0.5; 180)
.FreeObj (0; 27; 5; -0.5; 0)
.FreeObj (0; 49; -6.5; -0.4; 0)
955
.FreeObj (0; 48; -6.5; -0.4; 0)
960
.FreeObj (0; 49; -6.5; -0.4; 0)
962
.FreeObj (0; 136; 2.2; -0.5; 0)
965
.FreeObj (0; 49; -6.5; -0.4; 0)
970
.FreeObj (0; 48; -6.5; -0.4; 0)
975
.FreeObj (0; 149; 10; -0.5; 0)
.FreeObj (0; 45; -12; -0.5; 180)
.FreeObj (0; 39; 5.9; -0.5; 180)
.FreeObj (0; 49; -6.5; -0.4; 0)
980
.FreeObj (0; 40; 24; -0.5; 0)
.FreeObj (0; 48; -6.5; -0.4; 0)
985
.FreeObj (0; 49; -6.5; -0.4; 0)
990
.FreeObj (0; 49; -6.5; -0.4; 0)
995
.FreeObj (0; 48; 5; -0.4; 0)
.FreeObj (0; 49; -6.5; -0.4; 0)
1000
.FreeObj (0; 38; 5.9; -0.5; 180)
.FreeObj (0; 47; -8.5; -1; 90)
.FreeObj (0; 40; -5; -0.5; 0)
.FreeObj (0; 45; 24; -0.5; 0)
.FreeObj (0; 38; 24; -0.5; 0)
.FreeObj (0; 48; 5; -0.4; 0)
.FreeObj (0; 35; 3; -0.5; 45)
.FreeObj (0; 49; -6.5; -0.4; 0)
1005
.FreeObj (0; 48; 5; -0.4; 0)
.FreeObj (0; 37; 3; -0.5; 45)
1010
.FreeObj (0; 27; 3; -0.5; 45)
.FreeObj (0; 49; 5; -0.4; 0)
1015
.FreeObj (0; 37; 3; -0.5; 45)
.FreeObj (0; 25; 26; -0.5; 0)
.FreeObj (0; 23; 26; -0.5; 0)
.FreeObj (0; 49; 5; -0.4; 0)
1020
.FreeObj (0; 23; 3; -0.5; 40)
.FreeObj (0; 48; 5; -0.4; 0)
1023
.FreeObj (0; 48; 5; -0.4; 0)
.FreeObj (0; 41; 24; -0.5; 0)
1025
.FreeObj (0; 27; 3; -1.5; 45)
.FreeObj (0; 40; -12; -0.5; 0)
.FreeObj (0; 45; 24; -0.5; 0)
.FreeObj (0; 38; 24; -0.5; 0)
.FreeObj (0; 25; 26; -0.5; 0)
.FreeObj (0; 23; 26; -0.5; 0)
1027
.FreeObj (0; 49; -6.5; -0.4; 0)
.FreeObj (0; 43; -5; -1; 0)
.FreeObj (0; 24; -10; -1; 0)
1031
.FreeObj (0; 48; -6.5; -0.4; 0)
.FreeObj (0; 48; 5; -0.4; 0)
.FreeObj (0; 25; 26; -0.5; 0)
.FreeObj (0; 23; 26; -0.5; 0)
.FreeObj (0; 35; 3; -2; 45)
1035
.FreeObj (0; 49; -6.5; -0.4; 0)
.FreeObj (0; 24; 12; -0.4; 0)
.FreeObj (0; 35; 3; -2; 45)
1038
.FreeObj (0; 43; -5; -1; 0)
1040
.FreeObj (0; 49; -6.5; -0.4; 0)
.FreeObj (0; 35; 3; -1.5; 45)
.FreeObj (0; 25; 26; -0.5; 0)
.FreeObj (0; 23; 26; -0.5; 0)
1042
.FreeObj (0; 46; -8; -1; 90)
.FreeObj (0; 24; -15; -1; 0)
1045
.FreeObj (0; 49; 5; -0.4; 0)
1047
.FreeObj (0; 37; 3; -0.5; 45)
.FreeObj (0; 25; 24; -0.5; 0)
.FreeObj (0; 37; -5.8; -0.5; 50)
1048
.FreeObj (0; 49; 5; -0.4; 0)
.FreeObj (0; 43; -6.5; -1; 0)
1050
.FreeObj (0; 45; 5.8; -0.5; 0)
.FreeObj (0; 45; 12; -0.5; 0)
.FreeObj (0; 45; 18; -0.5; 0)
.FreeObj (0; 45; 24; -0.5; 0)
.FreeObj (0; 50; 60; 0; 0)
.wallend(0)
.dike(0;-1;5)
1062
.FreeObj (0; 136; -2.6; -0.5; 0)
1070
.FreeObj (0; 35; -10; -2.5; 0)
1075
.FreeObj (0; 45; 5.8; -0.5; 0)
.FreeObj (0; 40; 12; -0.5; 0)
.FreeObj (0; 50; 60; 0; 0)
1080
.FreeObj (0; 45; 12; -0.5; 0)
.FreeObj (0; 27; -12; -2; 0)
1095
.FreeObj (0; 27; -9; -2.5; 0)
1100
.FreeObj (0; 45; 5.8; -0.5; 0)
.FreeObj (0; 50; 60; 0; 0)
1110
.FreeObj (0; 45; 12; -0.5; 0)
.FreeObj (0; 46; -22; -2.5; 90)
.FreeObj (0; 47; -28; -2.5; 90)
1117
.FreeObj (0; 24; -22; -2.5; 0)
1118
.FreeObj (0; 44; -18; -2.5; 0)
.FreeObj (0; 35; -13; -2.5; 45)
.FreeObj (0; 27; -6; -2.5; 0)
.FreeObj (0; 40; -25; -0.5; 0)
.FreeObj (0; 38; -35; -0.5; 0)
.FreeObj (0; 40; -30; -0.5; 0)
1122
.FreeObj (0; 37; -5.8; -0.5; 45)

1123
.FreeObj (0; 35; -9; -1.5; 0)
.FreeObj (0; 27; -15; -1.5; 0)
.FreeObj (0; 35; -12; -1.5; 0)
.FreeObj (0; 27; -18; -1.5; 0)
.FreeObj (0; 35; -22; -1.5; 0)
1125
.DikeEnd(0)
.FreeObj (0; 40; -5.8; -0.5; 0)
.FreeObj (0; 39; -10; -0.5; 0)
.FreeObj (0; 38; -15; -0.5; 0)
.FreeObj (0; 40; -20; -0.5; 0)
.FreeObj (0; 45; 18; -0.5; 0)
.FreeObj (0; 40; 6.5; -0.5; 0)
.FreeObj (0; 45; 12; -0.5; 0)
.FreeObj (0; 46; -34; -3; 90)
.wall(0;0;3)
1150
.Curve -400;-8
.Railtype 0;14
.FreeObj (0; 39; -5.8; -0.5; 0)
.FreeObj (0; 39; -10; -0.5; 0)
.FreeObj (0; 38; 6; -0.5; 0)
.FreeObj (0; 45; 12; 5.5; 0)
1162
.FreeObj (0; 136; 3.1; -0.5; 0)
1170
.FreeObj (0; 38; 5.8; -0.5; 0)
.FreeObj (0; 45; 12; 5.5; 0)
.FreeObj (0; 45; 18; 7.5; 0)
1172
.FreeObj (0; 27; 2.8; -0.5; 40)
1175
.Curve -300;-20
.Railtype 0;12
.FreeObj (0; 38; -5.8; -0.5; 0)
.FreeObj (0; 39; -10; -0.5; 0)
.FreeObj (0; 38; 6; -0.5; 0)
1195
.FreeObj (0; 24; 5; -0.5; 0)
.FreeObj (0; 24; 8.5; 1.5; 0)
.FreeObj (0; 24; -19; 4; 0)
1196
.FreeObj (0; 41; -6; -2; 0)
1197
.FreeObj (0; 24; 4.5; -2.2; 0)
1198
.FreeObj (0; 24; -6.5; -3; 0)
1200
.FreeObj (0; 24; -6.5; -3; 0)
.FreeObj (0; 16; -3.5; 9.5; 0)
.FreeObj (0; 13; 1; 0; 185)
.FreeObj (0; 24; -12; 0; 0)
.FreeObj (0; 24; -16; 2; 0)
.FreeObj (0; 24; -19; 4; 0)
.brightness 128
1203.5
.FreeObj (0; 35; -6.4; -1; 45)
1205
.brightness 255
.FreeObj (0; 21; -0.9; 0; 0)
.FreeObj (0; 35; 3; -1; 45)
1208
.FreeObj (0; 27; 3; -1; 45)
1211
.FreeObj (0; 35; 3; -1; 45)
.FreeObj (0; 42; 10; -1; 0)
1215
.FreeObj (0; 27; 3; -1; 45)
1218
.FreeObj (0; 43; 10; -1; 0)
.FreeObj (0; 35; 3; -1; 45)
1222
.FreeObj (0; 44; 5; -3; 0)
1225
.FreeObj (0; 26; 10; -2.5; 0)
1228
.FreeObj (0; 26; 15; 0; 0)
.FreeObj (0; 30; 10; -2.5; 0)

1230
.dikeend(0)
.wallend(0)
.Ground(3)
.dike(0;0;0)
.FreeObj (0; 53; 6; -2.2; 0)
.FreeObj (0; 53; 6; -2.2; 165)
.FreeObj (0; 26; -10; -2.5; 0)
.FreeObj (0; 30; -5.5; -2.5; 0)
1247.5
.FreeObj (0; 35; 10; -2.5; 0)
1250
.FreeObj (0; 26; 10; -2.5; 0)
.FreeObj (0; 30; 15; -2.5; 0)
.FreeObj (0; 26; -10; -2.5; 0)
.FreeObj (0; 30; -5.5; -2.5; 0)
1253
.FreeObj (0; 26; 15; 0; 0)
.FreeObj (0; 30; 10; -2.5; 0)
1262
.FreeObj (0; 136; -2.6; -0.5; 0)
1272
.FreeObj (0; 35; 10; -2.5; 0)
1275
.FreeObj (0; 26; 10; -2.5; 0)
.FreeObj (0; 30; 15; -2.5; 0)
.FreeObj (0; 26; -6; -2.5; 0)
1278
.FreeObj (0; 30; 10; -2.5; 0)
.FreeObj (0; 26; 15; 0; 0)
1279
.FreeObj (0; 53; 6; -2.2; 183)
.FreeObj (0; 144; -12; -2.5; 0)
1290
.FreeObj (0; 23; 2; -2.5; 45)
1295
.FreeObj (0; 40; 5; -2.5; 0)
.FreeObj (0; 35; 12; -2; 0)
1300
.FreeObj (0; 26; -10; -2.5; 0)
.FreeObj (0; 30; -5.5; -2.5; 0)
.FreeObj (0; 26; 11; -2.5; 0)
.FreeObj (0; 26; 6.5; -2.5; 0)
1303
.FreeObj (0; 53; 8.55; -2.2; 190)
1318
.FreeObj (0; 41; 5; -2.2; 0)
.FreeObj (0; 41; -6; -2.8; 0)
1325
.DikeEnd(0)
.Wall(0;0;3)
.FreeObj (0; 40; -5.8; -0.5; 0)
.FreeObj (0; 39; -10; -0.5; 0)
.FreeObj (0; 38; 6; -0.5; 0)
.FreeObj (0; 40; 10; -0.5; 0)
1326
.FreeObj (0; 53; 12.15; -2.2; 193)
1350
.FreeObj (0; 45; 5.5; -0.5; 0)
.FreeObj (0; 40; -5.5; -0.5; 0)
.FreeObj (0; 45; 10; -0.5; 0)
.FreeObj (0; 39; -10; -0.5; 0)
1362
.FreeObj (0; 136; 3.1; -0.5; 0)
1374
.FreeObj (0; 24; 8; -1.5; 0)
1375
.FreeObj (0; 45; 5.5; -0.5; 0)
.FreeObj (0; 48; -5.5; -0.4; 0)
.FreeObj (0; 49; -11; -0.4; 0)
.FreeObj (0; 24; -8; -0.5; 0)
1380
.FreeObj (0; 49; -12; -0.4; 0)
.FreeObj (0; 45; 5.5; -0.5; 0)
.FreeObj (0; 48; -6; -0.4; 0)
.FreeObj (0; 24; -4; -0.5; 0)
.FreeObj (0; 24; -9.5; -0.5; 0)
1385
.FreeObj (0; 49; -12; -0.4; 0)
.FreeObj (0; 48; -6; -0.4; 0)
.FreeObj (0; 45; 5.5; -0.5; 0)
1390
.FreeObj (0; 24; -8; -0.5; 0)
.FreeObj (0; 49; -6; -0.4; 0)
.FreeObj (0; 48; -12; -0.4; 0)
1395
.FreeObj (0; 24; -4; -0.5; 0)
.FreeObj (0; 49; -12; -0.4; 0)
.FreeObj (0; 48; -6; -0.4; 0)
1400
.FreeObj (0; 24; -8; -0.5; 0)
.FreeObj (0; 49; -12; -0.4; 0)
.FreeObj (0; 48; -6; -0.4; 0)
.FreeObj (0; 45; 5.5; -0.5; 0)
1402
.FreeObj (0; 24; -10; -0.5; 0)
.FreeObj (0; 24; -13; -1.5; 0)
.FreeObj (0; 24; -10; -0.5; 0)
.FreeObj (0; 24; -5; -0.5; 0)
1405
.FreeObj (0; 49; -5; -0.4; 0)
1410
.FreeObj (0; 49; -5; -0.4; 0)
.FreeObj (0; 149; -12; -0.5; 0)
1415
.FreeObj (0; 48; -5; -0.4; 0)
1420
.FreeObj (0; 49; -5; -0.4; 0)
1424.5
.FreeObj (0; 27; -10; -0.5; 0)
1425
.FreeObj (0; 45; 5.5; -0.5; 0)
.FreeObj (0; 45; 11; -1; 0)
.FreeObj (0; 45; -6; -0.5; 0)
1425.5
.FreeObj (0; 45; -13; -1; 0)
1441
.FreeObj (0; 41; -6; -2; 0)
1445
.FreeObj (0; 16; -3.5; 9.5; 0)
1447
.FreeObj (0; 41; 6; -2; 180)
1450
.FreeObj (0; 47; -22; -1.5; 95)
.FreeObj (0; 45; 5.5; -0.5; 0)
.FreeObj (0; 45; 11; -0.5; 0)
.FreeObj (0; 45; -10; -0.5; 0)
.FreeObj (0; 39; -5.5; -0.5; 0)
1462
.FreeObj (0; 136; -3.1	; -0.5; 0)
1475
.FreeObj (0; 45; 11; -0.5; 0)
.FreeObj (0; 45; -10; -0.5; 0)
.FreeObj (0; 45; 5.5; -0.5; 0)
.FreeObj (0; 40; -5.5; -0.5; 0)
1500
.FreeObj (0; 45; 11; -0.5; 0)
.FreeObj (0; 45; -10; -0.5; 0)
.FreeObj (0; 45; 5.5; -0.5; 0)
.FreeObj (0; 45; 10; -0.5; 0)
.FreeObj (0; 38; -5.5; -0.5; 0)
1525
.FreeObj (0; 45; -10; -0.5; 0)
.FreeObj (0; 45; 5.5; -0.5; 0)
.FreeObj (0; 45; 10; -0.5; 0)
.FreeObj (0; 40; -5.5; -0.5; 0)
1550
.FreeObj (0; 45; -10; -0.5; 0)
.FreeObj (0; 45; 5.5; -0.5; 0)
.FreeObj (0; 45; 10; -0.5; 0)
.FreeObj (0; 39; -5.5; -0.5; 0)
1562
.FreeObj (0; 138; 3.1; -0.5;0)
1575
.Curve -400;-8
.Railtype 0;14
.FreeObj (0; 40; -5.5; -0.5; 0)
.FreeObj (0; 45; 5.5; -0.5; 0)
.FreeObj (0; 45; 10; -0.5; 0)
1600
.Curve 0;0
.railtype(0;0)
.FreeObj (0;53;-7;-0.5;0)
.FreeObj (0; 45; 5.5; -0.5; 0)
.FreeObj (0; 45; 10; -0.5; 0)
.FreeObj (0; 30; -65; -1.5; 0)
.FreeObj (0; 26; -60; -1.5; 0)
.FreeObj (0; 37; -6; -1; 45)
1615
.FreeObj (0; 37; -12; -0.5; 0)
1625
.FreeObj (0;53;-7;-0.5;0)
.FreeObj (0; 45; 5.5; -0.5; 0)
.FreeObj (0; 45; 10; -0.5; 0)
.FreeObj (0; 45; -65; -0.5; 0)
.FreeObj (0; 36; -32; -0.5; 0)
.FreeObj (0; 28; -18; -0.5; 0)
.FreeObj (0; 23; -6; -1; 45)
1630
.FreeObj (0; 28; -10; -1; 0)
1650
.FreeObj (0;53;-7;-0.5;0)
.FreeObj (0; 45; 5.5; -0.5; 0)
.FreeObj (0; 45; 10; -0.5; 0)
.FreeObj (0; 45; -65; -0.5; 0)
.FreeObj (0; 36; -24; -0.5; 0)
.FreeObj (0; 44; -42; -0.5; 0)
.FreeObj (0; 23; -13; -0.5; 0)
.FreeObj (0; 24; -4.5; -1; 0)
1662
.FreeObj (0; 136; -3.2; -0.5;0)
1675
.FreeObj (0;53;-7;-0.5;0)
.FreeObj (0; 45; 5.5; -0.5; 0)
.FreeObj (0; 37; -43; -0.5; 0)
.FreeObj (0; 28; -6; -1; 45)
.FreeObj (0; 45; 10; -0.5; 0)
.FreeObj (0; 30; -60; -1.5; 0)
.FreeObj (0; 45; -65; -0.5; 0)
.FreeObj (0; 43; -15; -0.5; 0)
.FreeObj (0; 44; -30; -0.5; 0)
1697
.FreeObj (0; 37; -6; -1; 45)
1700
.Curve 400;8
.Railtype 0;13
.FreeObj (0; 45; 5.5; -0.5; 0)
.FreeObj (0; 45; 10; -0.5; 0)
.FreeObj (0; 28; -10; -1; 0)
.FreeObj (0;53;-7;-0.5;0)
.FreeObj (0; 27; -40; -0.5; 0)
.FreeObj (0; 45; -65; -1.5; 0)
.FreeObj (0; 47; -65; -1.5; 90)
.FreeObj (0; 26; -60; -1.5; 0)
.FreeObj (0; 45; -60; -0.5; 0)
1705
.FreeObj (0; 23; -6.5; -1; 45)
.FreeObj (0; 43; -25; -0.5; 0)
.FreeObj (0; 27; -17; -0.5; 0)
1715
.FreeObj (0; 45; -65; -0.5; 0)
.FreeObj (0; 26; -60; -1.5; 0)
.FreeObj (0; 25; -15; -0.5; 0)
.FreeObj (0; 42; -35; -0.5; 0)
1720
.FreeObj (0; 23; -6.5; -1; 45)
1725
.Curve 300;20
.Railtype 0;5
.FreeObj (0; 45; 5.5; -0.5; 0)
.FreeObj (0; 45; 10; -0.5; 0)
.FreeObj (0; 37; -6.5; -1; 45)
.FreeObj (0;53;-7;-0.5;0)
.FreeObj (0; 26; -55; -1.5; 0)
.FreeObj (0; 45; -65; -0.5; 30)
.FreeObj (0; 45; -65; -0.5; 45)
.FreeObj (0; 26; -55; -1.5; 30)
.FreeObj (0; 41; -30; -0.5; 0)
.FreeObj (0; 41; -10; -0.5; 0)
.FreeObj (0; 24; -4.5; -1; 0)
1730
.FreeObj (0; 37; -6.5; -1; 45)
.FreeObj (0; 37; -11.5; -1; 45)
1735
.FreeObj (0; 37; -6.5; -1; 45)
.FreeObj (0; 37; -11.5; -1; 45)
.FreeObj (0; 41; -10; -0.5; 0)
.FreeObj (0; 24; -4.5; -1; 0)
.FreeObj (0; 27; -23; -1; 0)
1740
.FreeObj (0; 37; -6.5; -1; 45)
.FreeObj (0; 37; -11.5; -1; 45)
1745
.FreeObj (0; 27; -6.5; -1; 45)
.FreeObj (0; 41; -8; -0.5; 0)
1750
.FreeObj (0; 45; -65; -0.5; 90)
.FreeObj (0; 26; -50; -1.5; 90)
.FreeObj (0; 26; -40; -1.5; 90)
.FreeObj (0; 45; -30; -0.5; 90)
.FreeObj (0; 39; -5.5; -0.5; 0)
.FreeObj (0; 45; 5.5; -0.5; 0)
.FreeObj (0; 45; 10; -0.5; 0)
1755
.FreeObj (0; 24; -50; -2; 0)
.FreeObj (0; 24; -53; -2; 0)
.FreeObj (0; 24; -55; -2; 0)
.FreeObj (0; 24; -58; -2; 0)
.FreeObj (0; 24; -63; -2; 0)
.FreeObj (0; 24; -38; -2; 0)
.FreeObj (0; 24; -35; -2; 0)
.FreeObj (0; 24; -42; -2; 0)
.FreeObj (0; 24; -45; -2; 0)
.FreeObj (0; 24; -48; -2; 0)
1760
.FreeObj (0; 26; -40; -1.5; 90)
.FreeObj (0; 45; -30; -0.5; 90)
1762
.FreeObj (0; 136; 3.1; -0.5;0)
1775
.FreeObj (0; 39; -5.5; -0.5; 0)
.FreeObj (0; 39; -11; -0.5; 0)
.FreeObj (0; 45; 5.5; -0.5; 0)
.FreeObj (0; 45; 10; -0.5; 0)
1789
.FreeObj (0; 196; 3.5; -0.5; 0)
1797
.FreeObj (0; 41; -5.5; -1.5; 0)
1800
.FreeObj (0; 16; -3.5; 9.5; 0)
.FreeObj (0; 45; 5.5; -0.5; 0)
.FreeObj (0; 45; 10; -0.5; 0)
.FreeObj (0; 40; -5.5; -0.5; 0)
.FreeObj (0; 40; -11; -1.5; 0)
.brightness 128
.FreeObj (0; 41; 6; -1.7; 180)
1805
.brightness 255
1821
.FreeObj (0; 35; 3;-1; 40)
1823
.FreeObj (0; 35; 4;-1.5; 40)
.FreeObj (0; 44; 6;-1.5; 40)
1823
.FreeObj (0; 37; -4;-0.5; 0)
1825
.RailType 0;19
.Ground(5)
.Wallend(0)
.Dike(0;-1;1)
.Wall(0;-1;5)
.Railstart(4;5;0;4)
.FreeObj 0;221
.FreeObj (0; 54; 0;0; 0)
.FreeObj (0; 38; 5.5;-0.7; 0)
1850
.FreeObj (0; 39; 6.5;-0.7; 0)
.FreeObj (0;21;0.8;-0.5;177)
.FreeObj (0; 54; 0;0; 0)
1862
.FreeObj (0; 136; -2.7; -0.5;0)
1875
.FreeObj (0; 40; 6.5;-0.7; 0)
.FreeObj (0;21;0.75;-0.5;175)
.FreeObj (0; 54; 0;0; 0)
.FreeObj (0; 41; -6; -5; 0)
1880
.FreeObj (0; 40; -5;-3; 0)
1895
.FreeObj (0; 44; -5;-3; 0)
1900
.FreeObj (0; 38; 5.5;-0.7; 0)
.FreeObj (0; 40; -5;-3; 0)
.FreeObj (0;21;0.75;-0.5;175)
.FreeObj (0; 54; 0;0; 0)
1910
.FreeObj (0; 44; -5;-3; 0)
.FreeObj (0; 25; -80;-40; 0)
1915
.FreeObj (0; 44; -4.5;-3.5; 0)
1920
.FreeObj (0; 44; -5;-3; 0)
1925
.FreeObj (0;21;0.75;-0.5;175)
.FreeObj (0; 24; -4.5;-3.5; 0)
.FreeObj (0; 45; 5.5; -0.5; 0)
.FreeObj (0; 45; 10; -0.5; 0)
.FreeObj (0; 50; 60; 0; 0)
1930
.FreeObj (0; 44; -5;-3; 0)
1935
.FreeObj (0; 24; -4.5;-3.5; 0)
1940
.FreeObj (0; 44; -5;-3; 0)
1945
.FreeObj (0; 24; -5;-4; 0)
1950
.FreeObj (0; 50; 60; 0; 0)
.FreeObj (0; 24; -5;-4; 0)
.FreeObj (0; 45; 5.5; -0.5; 0)
.FreeObj (0; 45; 10; -0.5; 0)
.FreeObj (0; 110; -120;-40; 0)
.FreeObj (0; 41; -135;-40; 0)
1955
.FreeObj (0; 24; -4.5;-3.5; 0)
1960
.FreeObj (0; 44; -5;-3; 0)
1962
.FreeObj (0; 136; 3.1; -0.5;0)
1965
.FreeObj (0; 24; -4.5;-3.5; 0)
.FreeObj (0; 37; -90;-40; 0)
1970
.FreeObj (0; 44; -5;-3; 0)
1975
.FreeObj (0; 50; 60; 0; 0)
.FreeObj (0; 24; -5;-4; 0)
.FreeObj (0; 45; 5.5; -0.5; 0)
.FreeObj (0; 45; 10; -0.5; 0)
.FreeObj (0; 24; -180; -40; 45)
.FreeObj (0; 24; -175; -40; 45)
.FreeObj (0; 24; -170; -40; 45)
.FreeObj (0; 24; -165; -40; 45)
.FreeObj (0; 24; -160; -40; 45)
.FreeObj (0; 24; -155; -40; 45)
.FreeObj (0; 24; -150; -40; 45)
.FreeObj (0; 24; -145; -40; 45)
.FreeObj (0; 24; -140; -40; 45)
.FreeObj (0; 24; -135; -40; 45)
.FreeObj (0; 24; -130; -40; 45)
.FreeObj (0; 24; -125; -40; 45)
.FreeObj (0; 24; -120; -40; 45)
.FreeObj (0; 24; -115; -40; 45)
.FreeObj (0; 24; -110; -40; 45)
.FreeObj (0; 24; -105; -40; 45)
.FreeObj (0; 24; -100; -40; 45)
.FreeObj (0; 24; -95; -40; 45)
.FreeObj (0; 24; -90; -40; 45)
.FreeObj (0; 24; -85; -40; 45)
1980
.FreeObj (0; 44; -6.5;-3.5; 45)
1990
.FreeObj (0; 24; -177; -40; 45)
.FreeObj (0; 24; -172; -40; 45)
.FreeObj (0; 24; -167; -34; 45)
.FreeObj (0; 24; -162; -40; 45)
.FreeObj (0; 24; -157; -40; 45)
.FreeObj (0; 24; -152; -37; 45)
.FreeObj (0; 24; -147; -40; 45)
.FreeObj (0; 24; -142; -40; 45)
.FreeObj (0; 24; -137; -40; 45)
.FreeObj (0; 24; -132; -37; 45)
.FreeObj (0; 24; -127; -40; 45)
.FreeObj (0; 24; -122; -40; 45)
.FreeObj (0; 24; -117; -35; 45)
.FreeObj (0; 24; -112; -40; 45)
.FreeObj (0; 24; -107; -46; 45)
.FreeObj (0; 24; -102; -40; 45)
.FreeObj (0; 24; -97; -40; 45)
.FreeObj (0; 24; -92; -38; 45)
.FreeObj (0; 24; -90; -40; 45)
.FreeObj (0; 24; -85; -40; 45)
.FreeObj (0; 44; -6.5;-3.5; 45)
1995
.FreeObj (0; 44; -6.5;-3.5; 45)
2000
.FreeObj (0; 50; 60; 0; 0)
.FreeObj (0; 44; -6.5;-3.5; 45)
.FreeObj (0; 45; 5.5; -0.5; 0)
.FreeObj (0; 24; -4.5;-3.5; 0)
.FreeObj (0; 45; 10; -0.5; 0)
2005
.FreeObj (0; 24; -180; -40; 45)
.FreeObj (0; 24; -175; -40; 45)
.FreeObj (0; 24; -170; -40; 45)
.FreeObj (0; 24; -165; -40; 45)
.FreeObj (0; 24; -160; -40; 45)
.FreeObj (0; 24; -155; -40; 45)
.FreeObj (0; 24; -150; -40; 45)
.FreeObj (0; 24; -145; -40; 45)
.FreeObj (0; 24; -140; -40; 45)
.FreeObj (0; 24; -135; -40; 45)
.FreeObj (0; 24; -130; -40; 45)
.FreeObj (0; 24; -125; -40; 45)
.FreeObj (0; 24; -120; -40; 45)
.FreeObj (0; 24; -115; -40; 45)
.FreeObj (0; 24; -110; -40; 45)
.FreeObj (0; 24; -105; -40; 45)
.FreeObj (0; 24; -100; -40; 45)
.FreeObj (0; 24; -95; -40; 45)
.FreeObj (0; 24; -90; -40; 45)
.FreeObj (0; 24; -85; -40; 45)
.FreeObj (0; 44; -6.5;-3.5; 45)
2010
.FreeObj (0; 44; -6.5;-3.5; 45)
2015
.FreeObj (0; 44; -6.5;-3.5; 45)
2020
.FreeObj (0; 24; -177; -40; 45)
.FreeObj (0; 24; -172; -40; 45)
.FreeObj (0; 24; -167; -34; 45)
.FreeObj (0; 24; -162; -40; 45)
.FreeObj (0; 24; -157; -40; 45)
.FreeObj (0; 24; -152; -37; 45)
.FreeObj (0; 24; -147; -40; 45)
.FreeObj (0; 24; -142; -40; 45)
.FreeObj (0; 24; -137; -40; 45)
.FreeObj (0; 24; -132; -37; 45)
.FreeObj (0; 24; -127; -40; 45)
.FreeObj (0; 24; -122; -40; 45)
.FreeObj (0; 24; -117; -35; 45)
.FreeObj (0; 24; -112; -40; 45)
.FreeObj (0; 24; -107; -46; 45)
.FreeObj (0; 24; -102; -40; 45)
.FreeObj (0; 24; -97; -40; 45)
.FreeObj (0; 24; -92; -38; 45)
.FreeObj (0; 24; -90; -40; 45)
.FreeObj (0; 24; -85; -40; 45)
.FreeObj (0; 44; -6.5;-3.5; 45)
2025
.FreeObj (0; 50; 60; 0; 0)
.FreeObj (0; 45; 5.5; -0.5; 0)
.FreeObj (0; 45; 10; -0.5; 0)
.FreeObj (0; 44; -6.5;-3.5; 45)
2030
.FreeObj (0; 24; -4.5;-3.5; 0)
2035
.FreeObj (0; 24; -4.5;-3.5; 0)
2040
.FreeObj (0; 44; -7;-1.5; 45)
2045
.FreeObj (0; 24; -4.5;-3.5; 0)
2050
.FreeObj 0;222
.FreeObj (0; 50; 60; 0; 0)
.FreeObj (0; 45; 5.5; -0.5; 0)
.FreeObj (0; 24; -4.5;-3.5; 0)
.FreeObj (0; 45; 10; -1.5; 0)
2055
.FreeObj (0; 24; -4.5;-3.5; 0)
2060
.FreeObj (0; 44; -7;-1.5; 45)
.FreeObj (0; 136; -2.7; -0.5;0)
2065
.FreeObj (0; 44; -7;-1.5; 45)
2070
.FreeObj (0; 44; -7;-1.5; 45)
2075
.RailType 0;5
.FreeObj (0; 45; 5.5; -0.5; 0)
.FreeObj (0; 45; 10; -0.5; 0)
.Wallend(0)
.Dikeend(0)
.Wall(0;0;3)
.FreeObj (0; 45; -10; -1.5; 0)
2100
.FreeObj (0; 45; 5.5; -0.5; 0)
.FreeObj (0; 45; 10; -0.5; 0)
.FreeObj (0; 45; -10; -1.5; 0)
.FreeObj (0; 45; -5; -0.5; 178)
2125
.FreeObj (0; 45; 5.5; -0.5; 0)
.FreeObj (0; 45; 10; -0.5; 0)
.FreeObj (0; 45; -10; -1.5; 0)
.FreeObj (0; 45; -5.5; -0.5; 176)
2150
.FreeObj (0; 45; 5.5; -0.5; 0)
.FreeObj (0; 45; 10; -0.5; 0)
.FreeObj (0; 45; -10; -1.5; 0)
.FreeObj (0; 45; -5; -0.5; 178)
2162
.FreeObj (0; 136; 3.1; -0.5;0)
2175
.Curve 400;8
.Railtype 0;13
.FreeObj (0; 45; 5.5; -0.5; 0)
.FreeObj (0; 45; 10; -0.5; 0)
.FreeObj (0; 45; -5.5; -0.5; 176)
.FreeObj (0; 45; -10; -1.5; 0)
2199
.FreeObj (0; 49; 10; -0.4; 0)
.FreeObj (0; 49; 5; -0.4; 0)
2200
.Curve 0;0
.Railtype 0;0
.Pitch(0)
.Height(1)
.FreeObj (0; 45; -5.5; -0.5; 176)
.FreeObj (0; 48; -6; -0.4; 0)
.FreeObj (0; 49; 10; -0.4; 0)
.FreeObj (0; 53; -9; -0.5; 0)