2800
.Ground(3)
.Dike (0;-1;0)
.Wall(0;1;7)
2820
.FreeObj (0; 47; -52; -0.7; 75)
2825
.FreeObj (0; 47; -32; -0.7; 75)
2832
.FreeObj (0; 47; -17; -0.7; 75)
2850
.Curve 0;0
.Railtype 0;0
.Pitch 4
.FreeObj (0; 47; -9; -2.7; 90)
2862
.FreeObj (0; 136; -2.6; -0.5;0)
2875
.Pitch 8
2900
.Pitch 20
2930
.FreeObj (0; 47; -9; -2.7; 90)
2925
.FreeObj (0; 47; -9; -2.7; 265)
2962
.FreeObj (0; 136; 2.55; -0.5;0)
3000
.FreeObj (0; 197; -2.4; -2;180)
3050
.FreeObj (0; 47; -9; -2.7; 90)
3062
.FreeObj (0; 136; -2.6; -0.5;0)
3121
.FreeObj (0; 44; -5; -2.7; 0)
3125
.Curve 600;4
.Railtype 0;15
.FreeObj (0; 47; -10; -2.7; 87)
.Wallend(0)
.Dikeend(0)
.Wall(0;0;7)
3128
.FreeObj (0; 196; -3.2; -0.5;180)
3150
.Curve 400;8
.Railtype 0;13 
3162
.FreeObj (0; 136; 2.55; -0.5;0)
3200
.Curve 600;4
.Railtype 0;15
3225
.Curve 0;0
.Railtype 0;0
3262
.FreeObj (0; 136; -2.85; -0.5;0)
3300
.Curve -400;-8
.Railtype 0;14
3325
.Curve -300;-20
.Railtype 0;12
3362
.FreeObj (0; 136; 2.6; -0.5;0)
3400
.Curve -400;8
.Railtype 0;14
3421
.FreeObj (0; 27; -5; -1; 0)
.FreeObj (0; 27; -10; -1; 0)
3425
.Curve 0;0
.Railtype 0;0
.Wallend(0)
.Dikeend(0)
.Ground(2)
.Dike(0;-1;4)
.Wall(0;0;3)
.FreeObj (0; 27; 6; -1; 0)
.FreeObj (0; 47; -18; 1.8; 260)
.FreeObj (0; 47; -6; 1.2; 265)
.FreeObj (0; 151; 13; -0.5; 0)
3450
.FreeObj (0; 151; 13; -0.5; 0)
3462
.FreeObj (0; 136; -2.5; -0.5;0)
.FreeObj (0; 27; 6; -0.5;0)
3475
.FreeObj (0; 151; 13; -0.5; 0)
3495
.FreeObj (0; 74; 6; -0.5; 0)
3500
.FreeObj (0; 151; 13; -0.5; 0)
.FreeObj (0; 47; -18; 1.8; 260)
.FreeObj (0; 47; -6; 1.2; 265)
.FreeObj (0; 47; 30; -1; 90)
3525
.FreeObj (0; 151; 13; -0.5; 0)
3550
.FreeObj (0; 151; 13; -0.5; 0)
3555
.FreeObj (0; 74; 6; -0.5; 0)
3562
.FreeObj (0; 152; 2.9; -0.5;0)
3575
.FreeObj (0; 151; 13; -0.5; 0)
.FreeObj (0; 47; -18; 1.8; 260)
.FreeObj (0; 47; -6; 1.2; 265)
.FreeObj (0; 47; 30; -1; 90)
3600
.FreeObj (0; 151; 13; -0.5; 0)
3615
.FreeObj (0; 74; 6; -0.5; 0)
3625
.FreeObj (0; 151; 13; -0.5; 0)
3650
.FreeObj (0; 151; 13; -0.5; 0)
.FreeObj (0; 47; -18; 1.8; 260)
.FreeObj (0; 47; -6; 1.2; 265)
.FreeObj (0; 47; 30; -1; 90)
3662
.FreeObj (0; 136; -2.5; -0.5;0)
3675
.FreeObj (0; 151; 13; -0.5; 0)
.FreeObj (0; 74; 6; -0.5; 0)
3700
.FreeObj (0; 151; 13; -0.5; 0)
.FreeObj (0; 44; 5; -0.5; 0)
3708
.FreeObj (0; 24; 5; -1; 0)
3715
.FreeObj (0; 27; 5; -0.5; 0)
3720
.FreeObj (0; 44; 5; -0.5; 0)
3725

.FreeObj (0; 47; 30; -1; 90)
.Dikeend(0)
.FreeObj (0; 62; 0; 0; 0)
3730
.FreeObj (0; 26; 6; 0; 0)
.FreeObj (0; 26; -6; 0; 0)
.FreeObj (0; 26; -12; 0; 0)
.FreeObj (0; 26; -18; 0; 0)
3750
.Dike(0;1;4)
.Curve -600;-4
.Railtype 0;16
.FreeObj (0; 40; -5.5; -1; 0)
.FreeObj (0; 62; 0; 0; 182)
3762
.FreeObj (0; 136; 2.2; -0.5;0)
3775
.Curve -400;-8
.Railtype 0;14
.FreeObj (0; 39; -6; -1; 0)
3800
.FreeObj (0; 38; -5.5; -1; 0)
3820
.FreeObj (0; 43; -5.5; -1; 0)
3825
.FreeObj (0; 47; 7; 1.4; 92)
.FreeObj (0; 40; -5.5; -1; 0)
.FreeObj (0; 47; 12; 1.4; 270)
3830
.FreeObj (0; 198; 2.7; -1.5; 0)
3850
.FreeObj (0; 38; -6; -1; 0)
3862
.FreeObj (0; 136; -3.1; -0.5;0)
3869
.FreeObj (0; 25; -6; -1; 0)
3875
.FreeObj (0; 38; -6; -1; 0)
3895
.FreeObj (0; 43; -5.5; -1; 0)
3900
.Curve -600;-4
.Railtype 0;16
.FreeObj (0; 38; -6; -1; 0)
.FreeObj (0; 47; 6; 1.3; 85)
3905
.FreeObj (0; 38; 3; 0.8; 90)
3915
.FreeObj (0; 38; 3; 0.8; 90)
3919
.FreeObj (0; 44; -6; -1; 0)
3920
.FreeObj (0; 24; 9; -1; 0)
.FreeObj (0; 24; 14; 0; 0)
.FreeObj (0; 24; 19; 0; 0)
.FreeObj (0; 24; 24; 0.5; 0)
.FreeObj (0; 24; 29; 0.5; 0)
.FreeObj (0; 24; 34; 1; 0)
3922
.FreeObj (0; 44; 5; -1; 0)
.FreeObj (0; 44; 12; 1; 0)
.FreeObj (0; 44; 18; 2; 0)
3925
.Dikeend(0)
.Curve 0;0 
.Railtype 0;0
.FreeObj (0; 21; -0.3; -1; 0)
.FreeObj (0; 71; -10; 0.9; 0)
.FreeObj (0; 71; 9.5; 1; 0)
3945.5
.FreeObj (0; 197; 2.35; -1.5; 0)
3950
.FreeObj (0; 13; 0; -2; 182)
.FreeObj (0; 21; -0.3; -1; 0)
3960
.FreeObj (0; 71; -10; 0.9; 0)
.FreeObj (0; 71; 9.5; 1; 0)
3962
.FreeObj (0; 136; 2; -0.5;0)
3970
.FreeObj (0; 13; 0; -2; 182)
3975
.FreeObj (0; 21; -0.3; -1; 0)
3990
.FreeObj (0; 13; 0; -2; 182)
4000
.FreeObj (0; 21; -0.3; -1; 0)
4010
.FreeObj (0; 13; 0; -2; 182)
4025
.FreeObj (0; 71; -10; 0.9; 0)
.FreeObj (0; 71; 9.5; 1; 0)
.FreeObj (0; 21; -0.3; -1; 0)
4030
.FreeObj (0; 13; 0; -2; 182)
4050
.FreeObj (0; 21; -0.3; -1; 0)
.FreeObj (0; 13; 0; -2; 182)
4062
.FreeObj (0; 136; -2.8; -0.5;0)
4070
.FreeObj (0; 13; 0; -2; 182)
4073
.FreeObj (0; 24; -6; -2; 45)
.FreeObj (0; 24; 3; -2; 45)
4075
.FreeObj (0; 45; 10; -0.5; 0)
4095
.FreeObj (0; 37; -7; -0.5; 0)
4100
.Curve 400;8
.Railtype 0;13
.FreeObj (0; 45; 10; -0.5; 0)
4110
.FreeObj (0; 37; 3; -0.5; 45)
4125
.Curve 300;20
.Railtype 0;5
.FreeObj (0; 45; 10; -0.5; 0)
.FreeObj (0; 137; -18; -0.5; 0)
4150
.FreeObj (0; 45; 10; -0.5; 0)
.FreeObj (0; 64; -15; -0.5; 0)
.FreeObj (0; 24; -5.5; -1.5; 45)
.FreeObj (0; 24; 2; -1.5; 45)
4155
.FreeObj (0; 24; -6.5; -1.5; 45)
.FreeObj (0; 24; 2; -1.5; 45)
4160
.FreeObj (0; 24; -6.5; -1.5; 45)
.FreeObj (0; 24; 2; -1.5; 45)
4162
.FreeObj (0; 136; 2.7; -0.5;0)
4165
.FreeObj (0; 24; -6.5; -1.5; 45)
.FreeObj (0; 24; 2; -1.5; 45)
4172
.FreeObj (0; 199; 2.6; -1; 0)
.FreeObj (0; 69; -26.7; -0.55; 77)
.FreeObj (0; 69; -26.7; -0.55; 257)
.FreeObj (0; 45; -48.5; -0.5; 0)
4174.5
.FreeObj (0; 59; -4; 0; 90)
4175
.Curve 400;8
.Railtype 0;13
.FreeObj (0; 58; 0; 0; 0)
.FreeObj (0; 47; -35; -0.7; 90)
.FreeObj (0; 47; -50; -1.5; 90)
.FreeObj (0; 45; -36.5; -0.5; 0)
.FreeObj (0; 45; -42.5; -0.5; 0)
4177
.FreeObj (0; 45; -30.5; -0.5; 0)
4180
.FreeObj (0; 45; 5.5; -0.5; 0)
.FreeObj (0; 45; 11; -0.5; 0)
.FreeObj (0; 45; 17; -0.5; 0)
.FreeObj (0; 45; -11; -0.5; 0)
.FreeObj (0; 45; -17.5; -0.5; 0)
.FreeObj (0; 45; -24.5; -0.5; 0)
.FreeObj (0; 59; 4; 0; 270)
4182
.FreeObj (0; 199; -2.8; -1; 180)
4185
.FreeObj (0; 69; 26.2; -0.55; 252)
4205
.FreeObj (0; 45; -5.5; -0.5; 180)
4200
.Curve 0;0
.Railtype 0;0
.Wallend(0)
.Ground(3)
.Dike(0;0;0)
.FreeObj (0; 47; 10; -3; 268)
.FreeObj (0; 37; -6; -1; 45)
4202
.FreeObj (0; 37; 2; -1; 45)
4225
.FreeObj (0; 20; -30; -3; 0)
.FreeObj (0; 64; -10; -3; 0)
.FreeObj (0; 64; -25; -3; 0)
4230
.FreeObj (0; 64; -15; -3; 0)
4235
.FreeObj (0; 64; -26; -3; 0)
4237
.FreeObj (0; 64; -8; -3; 0)
4245
.FreeObj (0; 64; -22; -3; 0)
4250
.FreeObj (0; 20; -30; -3; 0)
.FreeObj (0; 64; -15; -3; 0)
4255
.FreeObj (0; 64; -26; -3; 0)
4262
.FreeObj (0; 136; -2.6; -0.5;0)
4275
.FreeObj (0; 47; 10; -3; 268)
.FreeObj (0; 20; -30; -3; 0)
4280
.FreeObj (0; 64; -24; -3; 0)
4281
.FreeObj (0; 64; -15; -3; 0)
4300
.FreeObj (0; 20; -30; -3; 0)
.FreeObj (0; 47; -38; -1.5; 90)
.FreeObj (0; 47; -55; 15; 90)
4310
.FreeObj (0; 47; -45; 8; 90)
4325
.FreeObj (0; 20; -30; -3; 0)
.FreeObj (0; 47; -38; -1.5; 90)
.FreeObj (0; 47; -55; 15; 90)
4350
.FreeObj (0; 47; 10; -3; 268)
.FreeObj (0; 46; -8; -3; 90)
.FreeObj (0; 20; -30; -3; 0)
.FreeObj (0; 47; -38; -1.5; 90)
.FreeObj (0; 47; -55; 15; 90)
4362
.FreeObj (0; 136; 2.6; -0.5;0)
4375
.FreeObj (0; 20; -30; -3; 0)
.FreeObj (0; 47; -38; -1.5; 90)
.FreeObj (0; 47; -55; 15; 90)
4380
.FreeObj (0; 64; -15; -3; 0)
.FreeObj (0; 64; -22; -3; 0)
4393
.FreeObj (0; 64; -26; -3; 0)
4400
.FreeObj (0; 20; -30; -3; 0)
.FreeObj (0; 47; -38; -1.5; 90)
.FreeObj (0; 47; -55; 15; 90)
4404
.FreeObj (0; 64; -26; -3; 0)
4425
.Curve -600;-4
.Railtype 0;16
.FreeObj (0; 20; -30; -3; 0)
.FreeObj (0; 47; -38; -1.5; 90)
.FreeObj (0; 47; -55; 15; 90)
.FreeObj (0; 47; 12; -3; 265)
4450
.Curve -400;-8
.Railtype 0;14
.FreeObj (0; 46; -10; -3; 95)
.FreeObj (0; 197; -2.4; -2;180)
4455
.FreeObj (0; 46; -25; -3; 271)
.FreeObj (0; 24; -6; -4; 0)
4462
.FreeObj (0; 136; -2.6; -0.5;0)
4475
.Curve -600;-4
.Railtype 0;16
4500
.Curve 0;0
.Railtype 0;0
.FreeObj (0; 47; 10; -3; 268)
.FreeObj (0; 198; -2.1; -2;180)
4525
.FreeObj (0; 46; -10; -3; 95)
4562
.FreeObj (0; 153; 2.6; -0.5;0)
4575
.FreeObj (0; 47; 10; -3; 268)
4600
.FreeObj (0; 47; -10; -3; 88)
4656
.FreeObj (0; 24; 5.5; -3; 0)
4660
.FreeObj (0; 24; 5.5; -3; 0)
4662
.FreeObj (0; 136; -2.8; -0.5;0)
4665
.FreeObj (0; 24; 5.5; -3; 0)
4668
.FreeObj (0; 44; 5.5; -3; 0)
4670
.FreeObj (0; 43; -7; -3; 45)
4672
.FreeObj (0; 43; 4; -3; 90)
4675
.FreeObj (0; 47; -11; -3; 87)
.Dikeend(0)
.Curve 600;4
.Railtype 0;15
.FreeObj (0; 50; -6.5; 0; 0)
.FreeObj (0; 50; 6.5; 0; 0)
.FreeObj (0; 45; 5.5; -0.5; 0)
.FreeObj (0; 39; -5.5; -0.5; 0)
4700
.FreeObj (0; 67; 0; 0; 0)
.Curve 0;0 
.Railtype 0;0
.FreeObj (0; 47; 10; 1; 268)
4703
.FreeObj (0; 24; 5; -1; 0)
4710
.FreeObj (0; 44; -16; -1; 0)
4725
.Wall(0;0;8)
.FreeObj (0; 62; 1; 0; 182)
4762
.FreeObj (0; 136; 2.85; -0.5;0)
4775
.FreeObj (0; 47; 10; -1; 268)
.FreeObj (0; 46; -10; -3; 89)
4850
.FreeObj (0; 47; -10; -3; 89)
.FreeObj (0; 47; 10; -1; 268)
4862
.FreeObj (0; 136; -3.15; -0.5;0)
4900
.Wallend(0)
.FreeObj (0; 62; -1; 0; 0)
4920
.FreeObj (0; 24; -5; -2; 0)
4922
.FreeObj (0; 27; 3.5; -3.8; 0)
4925
.FreeObj (0; 47; -10; -3; 89)
.FreeObj (0; 67; 0; 0; 180)
.FreeObj (0; 71; -10; -3; 0)
.Dike(0;-1;0)
.FreeObj (0; 50; 60; 0; 0)
.FreeObj (0; 47; 10; -1; 268)
4950
.FreeObj (0; 50; 60; 0; 0)
4960
.FreeObj (0; 71; -10; -3; 0)
4962
.FreeObj (0; 136; 2.9; -0.5;0)
4975
.FreeObj (0; 50; 60; 0; 0)
5000
.FreeObj (0; 47; 10; -1; 268)
.FreeObj (0; 50; 60; 0; 0)
5025
.FreeObj (0; 50; 60; 0; 0)
5050
.FreeObj (0; 50; 60; 0; 0)
5062
.FreeObj (0; 136; -2.8; -0.5;0)
5075
.FreeObj (0; 47; 10; -1; 268)
.FreeObj (0; 47; -11; -3; 88)
.FreeObj (0; 50; 60; 0; 0)
5100
.FreeObj (0; 50; 60; 0; 0)
5125
.FreeObj (0; 50; 60; 0; 0)
5150
.FreeObj (0; 47; 10; -1; 268)
.FreeObj (0; 47; -11; -3; 88)
.FreeObj (0; 50; 60; 0; 0)
5162
.FreeObj (0; 136; 2.9; -0.5;0)
5175
.FreeObj (0; 50; 60; 0; 0)
5200
.Curve 600;4
.Railtype 0;15
.FreeObj (0; 50; 60; 0; 0)
5221
.FreeObj (0; 44; -5.5; -2.5; 0)
5225
.Curve 400;8
.Railtype 0;13
.Dikeend(0)
.Dike(0;0;4)
.FreeObj (0; 40; -5.7; 0; 0)
.FreeObj (0; 47; 8; 0; 273)
.FreeObj (0; 47; -11; -3; 88)
5226
.FreeObj (0; 44; 5.5; -3.5; 180)
5250
.FreeObj (0; 39; -5.7; 0; 0)
5262
.FreeObj (0; 136; -2.6; -0.5;0)
5275
.FreeObj (0; 38; -5.7; 0; 0)
5290
.FreeObj (0; 38; -10; 1; 0)
5300
.Curve 600;4
.Railtype 0;15
.FreeObj (0; 39; -5.7; 0; 0)
5313
.FreeObj (0; 47; 5; 1; 0)
5318
.FreeObj (0; 24; 7; 1; 0)
5325
.Curve 0;0
.Dikeend(0)
.Railtype 0;0
.FreeObj (0; 47; 10; -1; 268)
.FreeObj (0; 47; 20; -1; 268)
.FreeObj (0; 62; 0; 0; 0)
5347
.FreeObj (0; 27; 3.5; -3.8; 0)
5350
.Wall(0;0;3)
.FreeObj (0; 67; 0; 0; 182)
5362
.FreeObj (0; 136; 2.9; -0.5;0)
5400
.FreeObj (0; 47; -10; -1; 89)
.FreeObj (0; 47; 30; -0.7; 268)
.FreeObj (0; 47; 45; -1.5; 268)
.FreeObj (0; 53; 14.5; -0.5; 0)
5425
.FreeObj (0; 53; 14.5; -0.5; 0)
.FreeObj (0; 64; 7; -0.5; 0)
5450
.FreeObj (0; 53; 14.5; -0.5; 0)
5462
.FreeObj (0; 136; -3.2; -0.5;0)
.FreeObj (0; 64; 4; -0.5; 0)
5475
.FreeObj (0; 47; -10; -1; 89)
.FreeObj (0; 47; 30; -0.7; 268)
.FreeObj (0; 47; 45; -1.5; 268)
.FreeObj (0; 53; 14.5; -0.5; 0)
5500
.FreeObj (0; 53; 14.5; -0.5; 350)
5515
.FreeObj (0; 64; 15; -0.5; 0)
5525
.FreeObj (0; 64; 5; -0.5; 0)
.FreeObj (0; 53; 10; -0.5; 350)
5550
.FreeObj (0; 47; -10; -1; 89)
.FreeObj (0; 47; 12; -1; 0)
.FreeObj (0; 53; 5.5; -0.5; 0)
5551
.FreeObj (0; 47; 13; -1; 268)
.FreeObj (0; 47; 23; -1; 268)
5562
.FreeObj (0; 154; 3.4; -0.5;0)
5575
.FreeObj (0; 53; 5.5; -0.5; 0)
5600
.FreeObj (0; 53; 5.5; -0.5; 0)
5625
.Curve -600;-4
.Railtype 0;16
.FreeObj (0; 53; 5.5; -0.5; 0)
.FreeObj (0; 47; -10; -1; 89)
.FreeObj (0; 47; 13; -1; 268)
5645
.FreeObj (0; 137; 3.5; -1.5; 0)
5650
.FreeObj (0; 53; 6; -0.5; 0)
.Curve -400;-8
.Railtype 0;14
5652
.FreeObj (0; 136; -3.2; -0.5;0)
5675
.Pitch 8
.FreeObj (0; 53; 6; -0.5; 0)
.FreeObj (0; 137; 3.5; -1; 0)
5680
.FreeObj (0; 137; 3.5; -1.5; 0)
5685
.FreeObj (0; 137; 3.5; -1.7; 0)
5690
.FreeObj (0; 137; 3.5; -1.9; 0)
5695
.FreeObj (0; 137; 3.5; -2.1; 0)
5699
.FreeObj (0; 137; 3.5; -2.1; 0)
.FreeObj (0; 137; -4; -1.5; 0)
5700
.FreeObj (0; 53; 7.5; -2.5; 0)
.FreeObj (0; 47; -10; -1; 92)
.FreeObj (0; 47; 15; -3; 270)
.FreeObj (0; 24; 3.5; -2.7; 45)
.Curve 0;0
.Railtype 0;0
.Wallend(0)
.Dike(0;0;0)
.Wall(0;0;36)
.Pitch 0
5705
.FreeObj (0; 24; 3.5; -2.7; 45)
5715
.FreeObj (0; 24; 3; -2.7; 45)
5725
.FreeObj (0; 47; 15; -3; 270)
.FreeObj (0; 24; 3.5; -2.7; 45)
.FreeObj (0; 53; 7.5; -2.5; 0)
5750
.FreeObj (0; 24; 3.5; -2.7; 45)
.FreeObj (0; 53; 7.5; -2.5; 0)
5752
.FreeObj (0; 136; 2.6; -0.5;0)
5775
.FreeObj (0; 24; 3.5; -2.7; 45)
.FreeObj (0; 47; -12; -3; 89)
.FreeObj (0; 53; 7.5; -2.5; 0)
5777
.FreeObj (0; 24; -8.5; -2.7; 45)
5800
.FreeObj (0; 24; 3.5; -2.7; 45)
.FreeObj (0; 53; 7.5; -2.5; 0)
.FreeObj (0; 47; 15; -3; 270)
5825
.FreeObj (0; 24; 3.5; -2.7; 45)
.FreeObj (0; 53; 7.5; -2.5; 0)
5850
.FreeObj (0; 24; 3.5; -2.7; 45)
.FreeObj (0; 53; 7.5; -2.5; 0)
.FreeObj (0; 46; -10; -3; 89)
.FreeObj (0; 47; -20; -3; 89)
5852
.FreeObj (0; 136; -2.8; -0.5;0)
5875
.FreeObj (0; 24; 3.5; -2.7; 45)
.FreeObj (0; 53; 7.5; -2.5; 0)
.FreeObj (0; 47; 15; -3; 270)
5900
.FreeObj (0; 24; 3.5; -2.7; 45)
.FreeObj (0; 53; 7.5; -2.5; 0)
5925
.FreeObj (0; 46; -10; -3; 89)
.FreeObj (0; 47; -20; -3; 89)
.FreeObj (0; 24; 3.5; -2.7; 45)
.FreeObj (0; 53; 7.5; -2.5; 0)
5950
.FreeObj (0; 47; 15; -3; 270)
.FreeObj (0; 24; 3.5; -2.7; 45)
.FreeObj (0; 53; 7.5; -2.5; 0)
.FreeObj (0; 198; 2.4; -1.5; 0)
5952
.FreeObj (0; 136; 2.6; -0.5;0)
5975
.FreeObj (0; 24; 3.5; -2.7; 45)
.FreeObj (0; 53; 7.5; -2.5; 0)
5993
.FreeObj (0; 24; 4; -3.5; 45)
5998
.FreeObj (0; 24; -7; -3; 45)
6000
.Pitch 4
.FreeObj (0; 24; 3.5; -2.7; 45)
.FreeObj (0; 53; 7.5; -2.5; 0)
.FreeObj (0; 47; -10; -3; 89)
6005
.FreeObj (0; 44; 4; -2; 45)
.FreeObj (0; 44; -8; -2; 45)
6010
.FreeObj (0; 24; 3; -2.5; 45)
.FreeObj (0; 24; -7; -2.5; 45)
6015
.FreeObj (0; 44; 4; -2; 45)
6017
.FreeObj (0; 44; -8; -2; 45)
6021
.FreeObj (0; 44; 3; -2; 45)
6025
.Pitch 10
.Dikeend(0)
.Wall(0;0;8)
.FreeObj (0; 47; 10; 1; 270)
.FreeObj (0; 117; 6.5; -2.5; 90)
6035
.FreeObj (0; 197; 2.7; -1.5; 0)
6050
.Pitch 20
6052
.FreeObj (0; 136; -3.1; -0.5;0)
6100
.FreeObj (0; 47; 10; 1; 270)
.FreeObj (0; 47; -10; 1; 89)
.FreeObj (0; 47; -20; 1; 89)
6152
.FreeObj (0; 136; 2.8; -0.5;0)
6175
.Wallend(0)
.FreeObj (0; 47; -10; 1; 89)
.FreeObj (0; 47; -20; 1; 89)
.FreeObj (0; 62; -1; 0; 0)
.FreeObj (0; 47; 25; -1; 270)
6185
.FreeObj (0; 24; 10; 0; 0)
6195
.FreeObj (0; 44; 10; -1; 0)
.FreeObj (0; 24; 17; 0; 0)
6197
.FreeObj (0; 27; 3.5; -4; 0)
.FreeObj (0; 27; -6; -3.8; 0)
6200
.FreeObj (0; 67; 0; 0; 180)
.FreeObj (0; 53; 15; -0.5; 0)
.FreeObj (0; 30; 5.5; -0.5; 0)
.FreeObj (0; 50; 60; 0; 0)
.Wallend(0)
.Wall(0;-1;37)
6225
.FreeObj (0; 50; 60; 0; 0)
.FreeObj (0; 53; 15; -0.5; 0)
6250
.FreeObj (0; 53; 15; -0.5; 0)
.FreeObj (0; 47; -10; -0.5; 89)
.FreeObj (0; 50; 60; 0; 0)
6252
.FreeObj (0; 136; -2.8; -0.5;0)
6255
.FreeObj (0; 64; 10; -0.5; 0)
6252.5
.FreeObj (0; 47; 25; -1; 270)
6275
.FreeObj (0; 53; 15; -0.5; 0)
.FreeObj (0; 50; 60; 0; 0)
6280
.FreeObj (0; 213; 15; -0.5; 0)
6290
.FreeObj (0; 64; 5; -0.5; 0)
6300
.FreeObj (0; 53; 15; -0.5; 0)
.FreeObj (0; 50; 60; 0; 0)
6320
.FreeObj (0; 199; 3; -1; 0)
6325
.FreeObj (0; 91; -3.15; 0; 0)
.FreeObj (0; 50; 30; 0; 0)
.Wallend(0)
.FreeObj (0; 70; 3.3; -0.6; 45)
.FreeObj (0; 47; -10; -0.5; 89)
.FreeObj (0; 58; 0; 0; 0)
.FreeObj (0; 47; 9; -0.5; 270)
.FreeObj (0; 47; 19; -0.5; 270)
.FreeObj (0; 47; 35; -0.5; 270)
6325.4
.FreeObj (0; 59; -5; 0; 90)
6327
.FreeObj (0; 207; 4.5; -0.55; 90)
6327.5
.FreeObj (0; 151; 2.9; -0.59; 90)
.FreeObj (0; 151; 27.9; -0.59; 90)
.FreeObj (0; 151; -27.9; -0.59; 90)
6330
.FreeObj (0; 59; 6; 0; 320)
6335
.FreeObj (0; 199; -3; -1; 180)
6350
.Wall(0;0;3)
6352
.FreeObj (0; 136; 2.9; -0.5;0)
6400
.FreeObj (0; 47; 9; -0.5; 270)
6410
.FreeObj (0; 47; -9; -0.5; 89)
.FreeObj (0; 47; -25; -0.5; 89)
6423
.FreeObj (0; 198; 2.7; -1.5; 0)
6452
.FreeObj (0; 136; -3.2; -0.5;0)
6470.5
.FreeObj (0; 23; 4; -0.5; 0)
.FreeObj (0; 23; 8; -0.5; 0)
.FreeObj (0; 23; 12; -0.5; 0)
.FreeObj (0; 23; -4; -0.5; 0)
.FreeObj (0; 23; -8; -0.5; 0)
.FreeObj (0; 23; -12; -0.5; 0)
6475
.Wallend(0)
.Wall(0;0;7)
.FreeObj (0; 50; -6.5; 0; 0)
.FreeObj (0; 47; -9; -0.5; 89)
.FreeObj (0; 47; -25; -0.5; 89)
6480
.FreeObj (0; 197; 2.55; -1.5; 0)
6530
.FreeObj (0; 197; -2.55; -2;180)
6562
.FreeObj (0; 155; 2.55; -0.5;0)
6575
.Curve -400;-8
.Railtype 0;14
6600
.FreeObj (0; 198; -2.6; -2;180)
.Curve -300;-20
.Railtype 0;12
6662
.FreeObj (0; 136; -4.2; -0.2;0)
6670
.FreeObj (0; 199; 2.7; -1; 0)
6675
.FreeObj (0; 58; 0; 0; 2)
.FreeObj (0; 50; 6.5; 0; 0)
.FreeObj (0; 50; -6.5; 0; 0)
.Wallend(0)
6676
.FreeObj (0; 59; -5; 0; 90)
6677
.FreeObj (0; 151; 2.8; -0.51; 92)
6677.8
.FreeObj (0; 151; -27.7; -0.51; 92)
6680
.FreeObj (0; 45; 5.5; -0.5; 0)
.FreeObj (0; 45; 11.5; -0.5; 0)
.FreeObj (0; 45; 17.5; -0.5; 0)
.FreeObj (0; 45; 23.5; -0.5; 0)
.FreeObj (0; 59; 5; 0; 270)
6685
.FreeObj (0; 199; -2.7; -1; 180)
6698
.FreeObj (0; 23; 3; -0.5; 2)
6697
.FreeObj (0; 23; -5; -0.5; 2)
6700
.Dike(0;0;0)
.Wall(0;0;36)
.FreeObj (0; 45; 6; -3; 3)
6705
.FreeObj (0; 45; -5; -0.5; 185)
.FreeObj (0; 45; -11; -0.5; 185)
.FreeObj (0; 45; -17; -0.5; 185)
6725
.FreeObj (0; 45; 6; -3; 3)
.FreeObj (0; 45; -7.5; -3; 185)
6750
.FreeObj (0; 45; 6; -3; 3)
.FreeObj (0; 45; -7.5; -3; 185)
6762
.FreeObj (0; 136; 2.8; -0.7;0)
6775
.FreeObj (0; 45; 6; -3; 3)
.FreeObj (0; 45; -7.5; -3; 185)
6800
.FreeObj (0; 45; 6; -3; 3)
.FreeObj (0; 45; -7.5; -3; 185)
6825
.FreeObj (0; 45; 6; -3; 3)
.FreeObj (0; 45; -7.5; -3; 185)
6850
.FreeObj (0; 45; 6; -3; 3)
.FreeObj (0; 45; -7.5; -3; 185)
6862
.FreeObj (0; 136; -2.8; -0.5;0)
6875
.Curve -400;-8
.Railtype 0;14
.FreeObj (0; 45; 6; -3; 3)
.FreeObj (0; 45; -7.5; -3; 185)
6900
.FreeObj (0; 197; -2.4; -2;180)
.Curve 0;0
.Railtype 0;0
.FreeObj (0; 45; -7.5; -3; 185)
.FreeObj (0; 71; -11; -3; 0)
.FreeObj (0; 71; 10; -3; 0)
6940
.FreeObj (0; 71; -11; -3; 0)
.FreeObj (0; 71; 10; -3; 0)
6962
.FreeObj (0; 136; 2.8; -0.7;0)
6980
.FreeObj (0; 71; -11; -3; 0)
.FreeObj (0; 71; 10; -3; 0)
.FreeObj (0; 198; -2.4; -2;180)
7015
.FreeObj (0; 45; -7.5; -3; 0)
.FreeObj (0; 45; 7.5; -3; 0)
7025
.FreeObj (0; 45; -7.5; -3; 0)
.FreeObj (0; 45; 7.5; -3; 0)
7050
.FreeObj (0; 47; 11; -3; 270)
7062
.FreeObj (0; 136; -2.8; -0.5;0)
7125
.FreeObj (0; 47; -11; -3; 88)
.FreeObj (0; 47; 11; -3; 270)
7162
.FreeObj (0; 136; 2.8; -0.7;0)
7200
.FreeObj (0; 47; -11; -3; 88)
7201
.FreeObj (0; 44; -8; -3; 0)
7210
.FreeObj (0; 71; -11; -3; 0)
.FreeObj (0; 71; 10; -3; 0)
7246
.FreeObj (0; 44; -6; -3; 0)
7250
.Dikeend(0)
.Curve -600;-4
.Railtype 0;16
.FreeObj (0; 21; -0.9; -0.3; 0)
.FreeObj (0; 38; 5.5; -0.7; 0)
.FreeObj (0; 38; -5.5; -0.7; 0)
7252
.FreeObj (0; 44; 5; -3; 180)
.FreeObj (0; 44; 12; -3; 180)
7262
.FreeObj (0; 136; -3; -0.5;0)
7275
.Curve -400;-8
.Railtype 0;14
.FreeObj (0; 21; 0.9; -0.3; 183.6)
.FreeObj (0; 21; -0.9; -0.3; 0)
.FreeObj (0; 39; 6.5; -0.7; 0)
.FreeObj (0; 39; -5.5; -0.7; 0)
7300
.FreeObj (0; 38; 5.5; -0.7; 0)
.FreeObj (0; 38; -5.5; -0.7; 0)
.FreeObj (0; 21; 0.9; -0.3; 183.6)
.FreeObj (0; 21; -0.9; -0.3; 0)
7325
.Curve -600;-4
.Railtype 0;16
.FreeObj (0; 21; 0.9; -0.3; 183.6)
.FreeObj (0; 50; 30; 0; 0)
.FreeObj (0; 45; 5.5; -0.5; 0)
7350
.FreeObj (0; 45; -5.5; -0.5; 181)
.FreeObj (0; 45; -11; -0.5; 181)
.Curve 0;0 
.Railtype 0;0
.Ground(5)
.Wall(0;-1;10)
.Dike(0;-1;1)
.FreeObj (0; 54; 0; 0; 0)
.FreeObj (0; 46; 9; -1; 270)
.FreeObj (0; 46; 25; -2; 270)
7362
.FreeObj (0; 136; 5.5; -0.2;0)
7375
.FreeObj (0; 68; 0; 0; 180)
7400
.FreeObj (0; 68; 0; 0; 180)
.FreeObj (0; 24; -5; -5; 0)
7410
.FreeObj (0; 24; -5; -5; 0)
7425
.FreeObj (0; 68; 0; 0; 180)
.FreeObj (0; 24; -5; -5; 0)
.FreeObj (0; 46; 25; -2; 270)
7438
.FreeObj (0; 198; 2.7; -1.5; 0)
7450
.FreeObj (0; 76; -25; -10; 90)
.FreeObj (0; 47; -20; -10; 90)
.FreeObj (0; 76; -16; -10; 90)
.FreeObj (0; 68; 0; 0; 180)
7460
.FreeObj (0; 71; -15; -10; 270)
7462
.FreeObj (0; 136; -2.75; -0.5;0)
7475
.FreeObj (0; 68; 0; 0; 180)
.FreeObj (0; 24; -5; -5; 0)
7496.5
.FreeObj (0; 23; 3; -1; 0)
7500
.FreeObj (0; 24; -5; -5; 0)
.FreeObj (0; 68; 0; 0; 180)
7512
.FreeObj (0; 24; -5; -5; 0)
7521
.FreeObj (0; 23; 3; -1; 0)
7525
.Curve 400;8
.Railtype 0;13
.FreeObj (0; 71; 25; -1; 177)
.FreeObj (0; 68; 0; 0; 180)
.FreeObj (0; 24; -5; -5; 0)
.FreeObj (0; 71; 11; -0.5; 177)
7533
.FreeObj (0; 24; -5; -5; 0)
7538
.FreeObj (0; 24; -5; -5; 0)
7544
.FreeObj (0; 24; -5; -5; 0)
7546.5
.FreeObj (0; 23; 3; -1; 0)
7548
.FreeObj (0; 197; 2.7; -1.5; 0)
7550
.FreeObj (0; 68; 0; 0; 177.6)
.FreeObj (0; 76; -25; -10; 90)
.FreeObj (0; 47; -15; -10; 90)
.FreeObj (0; 76; -14; -10; 89)
.FreeObj (0; 71; -10; -5; 0)
.FreeObj (0; 71; 11; -0.5; 177)
.FreeObj (0; 50; 60; 0; 0)
.Curve 300;20
.Railtype 0;5
7556
.FreeObj (0; 24; -5; -5; 0)
7562
.FreeObj (0; 156; 2.9; -0.5;0)
7566
.FreeObj (0; 24; -5; -5; 0)
7575
.FreeObj (0; 50; 60; 0; 0)
.FreeObj (0; 76; -14; -10; 89)
.FreeObj (0; 71; -10; -5; 0)
7590
.FreeObj (0; 71; 9; -0.5; 177)
7591
.FreeObj (0; 24; -5; -5; 0)
7600
.FreeObj (0; 50; 60; 0; 0)
.FreeObj (0; 76; -14; -10; 89)
.FreeObj (0; 71; -10; -5; 0)
7616
.FreeObj (0; 24; -5; -5; 0)
7625
.FreeObj (0; 50; 60; 0; 0)
.FreeObj (0; 76; -14; -10; 89)
.FreeObj (0; 71; -10; -5; 0)
.FreeObj (0; 71; 10; -0.5; 177)
7642
.FreeObj (0; 24; -5; -5; 0)
7650
.FreeObj (0; 50; 60; 0; 0)
.FreeObj (0; 76; -14; -10; 89)
.FreeObj (0; 71; -10; -5; 0)
7662
.FreeObj (0; 136; -2.9; -0.5;0)
7666
.FreeObj (0; 24; -5; -5; 0)
7675
.FreeObj (0; 71; 10; -0.5; 175)
.FreeObj (0; 50; 60; 0; 0)
.FreeObj (0; 76; -14; -10; 89)
.FreeObj (0; 71; -10; -5; 0)
7691
.FreeObj (0; 24; -5; -5; 0)
7700
.FreeObj (0; 50; 60; 0; 0)
.Dikeend(0)
.FreeObj (0; 76; 0; 0; 0)
.FreeObj (0; 71; -25; -10; 0)
7705
.FreeObj (0; 199; 2.7; -1; 0)
7710
.FreeObj (0; 71; 9; -0.5; 175)
.FreeObj (0; 58; -0.225; 0; 0)
.FreeObj (0; 59; -4.5; -1; 90)
7712.5
.FreeObj (0; 77; 0; 0; 90)
.FreeObj (0; 151; 2.65; -0.59; 90)
7713
.FreeObj (0; 23; -8; -4; 0)
7715
.FreeObj (0; 23; -8; -4; 0)
.FreeObj (0; 59; 5; 0; 270)
.FreeObj (0; 73; -5; -3; 0)
7720
.FreeObj (0; 199; -3; -1; 180)
.FreeObj (0; 45; 2.5; -0.5; 90)
7725
.Dike(0;-1;1)
.FreeObj (0; 45; 5; -0.5; 90)
.FreeObj (0; 50; 60; 0; 0)
.FreeObj (0; 71; -25; -10; 0)
.FreeObj (0; 71; -35; -10; 0)
.FreeObj (0; 30; -6; -4; 0)
.FreeObj (0; 78; -16.5; -9.9; 0)
7727
.FreeObj (0; 23; -3.5; -1.5; 0)
7730
.FreeObj (0; 23; -3.5; -1.5; 0)
.FreeObj (0; 45; 5; -0.5; 90)
7750
.FreeObj (0; 78; -16.5; -9.9; 0)
.FreeObj (0; 73; 5.5; -0.5; 175)
.FreeObj (0; 50; 60; 0; 0)
.FreeObj (0; 26; -6; -4; 0)
.FreeObj (0; 45; 5.5; -0.5; 0)
.FreeObj (0; 71; -25; -10; 0)
7762
.FreeObj (0; 136; 2.9; -0.5;0)
7775
.FreeObj (0; 78; -16.5; -9.9; 0)
.FreeObj (0; 50; 60; 0; 0)
.FreeObj (0; 26; -6; -4; 0)
7785
.FreeObj (0; 196; 3.2; -0.5; 0)
7800
.FreeObj (0; 78; -16.5; -9.9; 0)
.FreeObj (0; 71; -25; -10; 0)
.FreeObj (0; 73; 5.5; -0.5; 175)
.FreeObj (0; 45; 5.5; -0.5; 0)
.FreeObj (0; 50; 60; 0; 0)
.FreeObj (0; 26; -6; -4; 0)
7825
.FreeObj (0; 78; -16.5; -9.9; 0)
.FreeObj (0; 50; 60; 0; 0)
.FreeObj (0; 30; -6; -4; 0)
7850
.FreeObj (0; 78; -16.5; -9.9; 0)
.FreeObj (0; 73; 5.5; -0.5; 175)
.FreeObj (0; 45; 5.5; -0.5; 0)
.FreeObj (0; 50; 60; 0; 0)
.FreeObj (0; 26; -6; -4; 0)
.FreeObj (0; 71; -25; -10; 0)
7861
.FreeObj (0; 136; -2.9; -0.5;0)
7875
.FreeObj (0; 78; -16.5; -9.9; 0)
.FreeObj (0; 50; 60; 0; 0)
.FreeObj (0; 45; 5.5; -0.5; 0)
.FreeObj (0; 26; -6; -4; 0)
.FreeObj (0; 71; -25; -10; 0)
7900
.FreeObj (0; 78; -16.5; -9.9; 0)
.FreeObj (0; 50; 60; 0; 0)
.FreeObj (0; 45; 5.5; -0.5; 0)
.FreeObj (0; 26; -6; -4; 0)
.FreeObj (0; 71; -25; -10; 0)
7925
.FreeObj (0; 78; -16.5; -9.9; 0)
.FreeObj (0; 50; 60; 0; 0)
.FreeObj (0; 45; 5.5; -0.5; 0)
.FreeObj (0; 26; -6; -4; 0)
.FreeObj (0; 71; -25; -10; 0)
7950
.FreeObj (0; 78; -16.5; -9.9; 0)
.FreeObj (0; 50; 60; 0; 0)
.FreeObj (0; 45; 5.5; -0.5; 0)
.FreeObj (0; 26; -6; -4; 0)
.FreeObj (0; 71; -25; -10; 0)
7962
.FreeObj (0; 136; 2.9; -0.5;0)
7970
.FreeObj (0; 198; -2.6; -2;180)
7975
.Pitch 8
.FreeObj (0; 78; -16.5; -9.9; 0)
.FreeObj (0; 50; 60; 0; 0)
.FreeObj (0; 45; 5.5; -0.5; 0)
.FreeObj (0; 26; -6; -4; 0)
.FreeObj (0; 71; -25; -10; 0)
7997
.FreeObj(0; 35; -5; -3; 0)