8920
.FreeObj (0; 199; -2.9; -1; 180)
.Limit 50;0;0
.section 0;2;4
.sig -2;;0;0
8922
.FreeObj(0; 64; 5; -0.5; 0)
.FreeObj(0; 64; 12; -0.5; 0)
8925
.Rail 2;-20
8930
8940
.FreeObj(0; 53; 17; -0.5; 0)
.FreeObj(0; 64; 7; -0.5; 0)
.FreeObj(0; 235; 0; 0; 0)
8950
.Wall(0;0;3)
.Rail 2;-22.5
.FreeObj(0; 64; 4; -0.5; 0)
8955
.FreeObj(0; 64; 13; -0.5; 0)
8962
.FreeObj(0; 136; 2.9; -0.5; 0)
8965
.FreeObj(0; 64; 10; -0.5; 0)
.FreeObj(0; 53; 17; -0.5; 0)
8970
.FreeObj(0; 64; 12; -0.5; 0)
8975
.Pitch -4
.FreeObj(0; 64; 5; -0.5; 0)
.FreeObj(2; 47; -10; -1; 89)
.FreeObj(2; 47; -18; -1.5; 89)
.Rail 2;-25
8980
.FreeObj(0; 64; 10; -0.5; 0)
8990
.FreeObj(0; 64; 7; -0.5; 0)
.FreeObj(0; 53; 17; -0.5; 0)
8995
.FreeObj(0; 64; 4; -0.5; 0)
.FreeObj(0; 47; -10; -1; 88)
9000
.FreeObj(0; 64; 10; -0.5; 0)
.Rail 2;-27.5
.Pitch -10
.FreeObj(0; 47; 25; -0.5; 270)
.FreeObj(0; 47; 40; -1.5; 270)
9008
.FreeObj(0; 64; 8.5; -0.5; 0)
.FreeObj(0; 64; 5; -0.5; 0)
9012
.FreeObj(0; 64; 13.5; -0.5; 0)
9015
.FreeObj(0; 53; 17; -0.5; 0)
9020
.FreeObj(0; 64; 4; -0.5; 0)
9025
.Pitch -20
.FreeObj(0; 64; 10; -0.5; 0)
.Rail 2;-30
9030
.FreeObj(0; 64; 5; -0.5; 0)
9040
.FreeObj(0; 64; 13; -0.5; 0)
.FreeObj(0; 53; 17; -0.5; 0)
9050
.FreeObj(0; 64; 4; -0.5; 0)
.FreeObj(2; 47; -10; -1; 89)
.FreeObj(2; 47; -18; -1.5; 89)
.Rail 2;-32.5
9055
.FreeObj(0; 64; 11; -0.5; 0)
9062
.FreeObj(0; 136; -3.2; -0.5; 0)
9065
.FreeObj(0; 64; 7; -0.5; 0)
.FreeObj(0; 53; 17; -0.5; 0)
9067
.FreeObj(0; 64; -6; -0.5; 0)
9070
.FreeObj(0; 47; -10; -1; 88)
9075
.FreeObj(0; 64; 4; -0.5; 0)
.FreeObj(0; 47; 15; -0.5; 270)
.FreeObj(0; 47; 30; -1.5; 270)
.Rail 2;-35
9080
.FreeObj(0; 64; 3; -0.5; 0)
9090
.FreeObj(0; 64; 4; -0.5; 0)
.FreeObj(0; 64; -6; -0.5; 0)
.FreeObj(0; 53; 17; -0.5; 0)
9095
.FreeObj(0; 64; 3; -0.5; 0)
.FreeObj(0; 64; -6; -0.5; 0)
9100
.FreeObj(0; 64; 5; -0.5; 0)
.Rail 2;-37.5
9110
.FreeObj(0; 64; -5.5; -0.5; 0)
9115
.FreeObj(0; 64; 3; -0.5; 0)
.FreeObj(0; 53; 17; -0.5; 0)
9125
.FreeObj(0; 64; 5; -0.5; 0)
.Railend 2;-40
9130
.FreeObj(0; 64; -6; -0.5; 0)
9140
.FreeObj(0; 64; 4; -0.5; 0)
9150
.FreeObj(0; 64; 3; -0.5; 0)
.FreeObj(0; 47; 20; -1; 270)
.FreeObj(0; 47; -12; -1; 88)
9160
.FreeObj(0; 64; -5.5; -0.5; 0)
9162
.FreeObj(0; 136; 2.9; -0.5; 0)
9170
.FreeObj(0; 64; 4; -0.5; 0)
9180
.FreeObj(0; 64; 5; -0.5; 0)
9185
.FreeObj(0; 64; -6; -0.5; 0)
9190
.FreeObj(0; 64; 3; -0.5; 0)
9200
.FreeObj(0; 64; 5; -0.5; 0)
.FreeObj(0; 64; -5.5; -0.5; 0)
9210
.FreeObj(0; 64; 4; -0.5; 0)
9220
.FreeObj(0; 64; 5; -0.5; 0)
9225
.FreeObj(0; 64; -6; -0.5; 0)
.FreeObj(0; 118; 10; -0.5; 90)
.FreeObj(0; 47; -12; -1; 88)
9230
.FreeObj(0; 64; 3; -0.5; 0)
9240
.FreeObj(0; 64; 5; -0.5; 0)
9250
.FreeObj(0; 64; -5.5; -0.5; 0)
9260
.FreeObj(0; 64; 4; -0.5; 0)
9262
.FreeObj(0; 136; -3.2; -0.5; 0)
9270
.FreeObj(0; 64; 3; -0.5; 0)
.FreeObj(0; 64; -6; -0.5; 0)
9280
.FreeObj(0; 64; 4; -0.5; 0)
9290
.FreeObj(0; 64; 4; -0.5; 0)
9300
.FreeObj(0; 118; 10; -0.5; 90)
.FreeObj(0; 47; -12; -1; 88)
.FreeObj(0; 47; -17; -1; 88)
9310
.FreeObj(0; 64; 3; -0.5; 0)
9320
.FreeObj(0; 64; 5; -0.5; 0)
9330
.FreeObj(0; 64; 7; -0.5; 0)
.FreeObj(0; 64; 3; -0.5; 0)
9340
.FreeObj(0; 64; 4; -0.5; 0)
9350
.FreeObj(0; 64; 5; -0.5; 0)
9360
.FreeObj(0; 64; 3; -0.5; 0)
9362
.FreeObj(0; 136; 2.9; -0.5; 0)
9370
.FreeObj(0; 64; 6; -0.5; 0)
9375
.FreeObj(0; 118; -6; -0.5; 90)
.FreeObj(0; 47; -12; -1; 88)
.FreeObj(0; 47; 15; -1; 88)
.FreeObj(0; 47; 10; -1; 270)
.FreeObj(0; 47; 20; -1.5; 270)
9445
.FreeObj(0; 24; 7; -1; 0)
9450
.FreeObj(0; 47; -12; -1; 88)
.FreeObj(0; 45; 5.7; -0.5; 0)
9462
.FreeObj(0; 136; -3.2; -0.5; 0)
9475
.FreeObj(0; 45; -5.7; -0.5; 180)
.FreeObj(0; 73; -5.7; -0.5; 0)
9500
.FreeObj(0; 73; 5.7; -0.5; 181.5)
.FreeObj(0; 45; 5.7; -0.5; 0)
.Curve -600;-4
.Railtype 0;16
9525
.FreeObj(0; 45; -5.7; -0.5; 181.5)
.FreeObj(0; 45; 5.7; -0.5; 0)
.FreeObj(0; 47; -15; -1; 88)
.FreeObj(0; 47; 10; -1; 88)
9550
.FreeObj(0; 45; -5.7; -0.5; 181.5)
.FreeObj(0; 45; 5.7; -0.5; 0)
.FreeObj(0; 73; -5.7; -0.5; 0)
9562
.FreeObj(0; 181; 3.1; -0.5; 0)
9572
.FreeObj(0; 37; -5; -0.5; 0)
.FreeObj(0; 37; 5; -0.5; 0)
9575
.wallend(0)
.wall(0;0;14)
9577
.FreeObj(0; 64; 3; -0.5; 0)
9600
.Curve 0;0
.Railtype 0;0
9645
.FreeObj(0; 64; 3; -0.5; 0)
9650
.FreeObj(0; 47; -10; -1.7; 90)
.FreeObj(0; 47; 12; 1; 89)
.FreeObj(0; 47; 25; 0; 89)
.FreeObj(0; 47; 14; 1; 269)
9662
.FreeObj(0; 136; -3; -0.5; 0)
9684
.FreeObj(0; 64; 2; -0.5; 0)
9725
.FreeObj(0; 47; -10; -1.7; 90)
.FreeObj(0; 47; 25; 0; 89)
9759
.FreeObj(0; 64; 3; -0.5; 0)
9762
.FreeObj(0; 136; 2.5; -0.5; 0)
9800
.FreeObj(0; 47; 25; 0; 89)
.FreeObj(0; 47; 12; 1; 87)
9825
.FreeObj(0; 118; -6; -1.7; 90)
9830
.FreeObj(0; 64; 2; -0.5; 0)
9862
.FreeObj(0; 136; -3; -0.5; 0)
9875
.Curve 600;4
.Railtype 0;15
.FreeObj(0; 47; 25; 0; 89)
.FreeObj(0; 47; 12; 1; 87)
.FreeObj(0; 47; 10; 1; 0)
9885
.FreeObj(0; 47; 10; 1; 0)
9900
.FreeObj(0; 47; -10; -1.7; 88)
.Curve 400;8
.Railtype 0;13
.FreeObj(0; 38; 6; -0.7; 0)
9925
.FreeObj(0; 40; 6.5; -0.7; 0)
9940
.FreeObj(0; 118; 23; 0.5; 80)
9950
.FreeObj(0; 38; 6; -0.7; 0)
9962
.FreeObj(0; 136; 2.5; -0.5; 0)
9975
.FreeObj(0; 38; 6; -0.7; 0)
10000
.FreeObj(0; 39; 7; -0.7; 0)
.FreeObj(0; 118; -10; -1.7; 80)
.FreeObj(0; 118; 10; 0.5; 81)
.FreeObj(0; 118; 15; -1; 80)
10025
.FreeObj(0; 38; 6; -0.7; 0)
10050
.FreeObj(0; 38; 6; -0.7; 0)
10062
.FreeObj(0; 136; -3; -0.5; 0)
10075
.FreeObj(0; 38; 6; -0.7; 0)
10100
.FreeObj(0; 118; -10; -1.7; 80)
.FreeObj(0; 118; 10; 0.5; 81)
.FreeObj(0; 118; 15; -1; 80)
.wallend(0)
.wall(0;0;15)
10101
.FreeObj(0; 27; 7; 0; 0)
10125
.wallend(0)
.wall(0;0;16)
10150
.wallend(0)
.wall(0;0;17)
10162
.FreeObj(0; 136; 2.5; -0.5; 0)
10175
.wallend(0)
.wall(0;0;18)
10190
.FreeObj(0; 47; 13; -1.5; 85)
10200
.FreeObj(0; 118; -10; -1.7; 82)
.wallend(0)
.wall(0;0;19)
.Curve 0;0
.Railtype 0;0
10225
.wallend(0)
.wall(0;0;20)
10250
.wallend(0)
.wall(0;0;21)
10262
.FreeObj(0; 136; -2.9; -0.5; 0)
10300
.FreeObj(0; 118; -9; -4.5; 90)
.FreeObj(0; 118; 9; -4.5; 90)
.FreeObj(0; 118; 15; -4.5; 90)
.FreeObj(0; 118; 21; -4.5; 90)
10362
.FreeObj(0; 136; 2.6; -0.5; 0)
10400
.FreeObj(0; 118; -9; -4.5; 90)
.FreeObj(0; 118; 9; -4.5; 90)
10462
.FreeObj(0; 136; -2.9; -0.5; 0)
10500
.FreeObj(0; 118; -9; -4.5; 92)
.FreeObj(0; 118; 9; -4.5; 92)
.Curve -400;-8
.Railtype 0;14
10525
.Curve -300;-20
.Railtype 0;12
10562
.FreeObj (0; 182; 2.7; -0.5;0)
10575
.FreeObj(0; 47; -12; -5; 98)	
.FreeObj(0; 47; 15; -5; 98)	
10650
.FreeObj(0; 47; -12; -5; 98)	
.FreeObj(0; 47; 15; -5; 97)	
10662
.FreeObj(0; 136; -2.6; -0.5; 0)
10725
.FreeObj(0; 47; -12; -5; 98)	
.FreeObj(0; 47; 15; -5; 97)	
10762
.FreeObj(0; 136; 2.7; -0.5; 0)
10800
.FreeObj(0; 47; -12; -5; 98)	
.FreeObj(0; 47; 15; -5; 97)	
10862
.FreeObj(0; 136; -2.9; -0.5; 0)
10875
.FreeObj(0; 47; -12; -5; 92)	
.FreeObj(0; 47; 15; -5; 92)
10825
.Curve -400;-8
.Railtype 0;14	
10850
.wallend(0)
.wall(0;0;22)
.Curve 0;0
.Railtype 0;0
10868
.FreeObj(0; 27; 10; -4.5; 0)
10875
.wallend(0)
.wall(0;0;23)
10900
.wallend(0)
.wall(0;0;24)
10925
.wallend(0)
.wall(0;0;25)
10945
.FreeObj(0; 64; 2; -0.5; 0)
.FreeObj(0; 64; 4; -0.5; 0)
10948
.FreeObj(0; 64; 2; -0.5; 0)
10950
.wallend(0)
.wall(0;0;26)
10951
.FreeObj(0; 64; 2; -0.5; 0)
10954
.FreeObj(0; 64; 2; -0.5; 0)
10957
.FreeObj(0; 64; 2; -0.5; 0)
10960
.FreeObj(0; 64; 2; -0.5; 0)
10962
.FreeObj(0; 136; 2.5; -0.5; 0)
10963
.FreeObj(0; 64; 2; -0.5; 0)
10966
.FreeObj(0; 64; 2; -0.5; 0)
10969
.FreeObj(0; 64; 2; -0.5; 0)
10975
.wallend(0)
.wall(0;0;27)
.FreeObj(0; 118; -9; -4.5; 90)
.FreeObj(0; 118; 9; -2.5; 90)
.FreeObj(0; 118; 15; -2.5; 90)
11016
.FreeObj(0; 64; 3; -0.5; 0)
11034
11040
.FreeObj(0; 35; 5; -0.5; 0)
.FreeObj(0; 64; 2; -0.5; 0)
11062
.FreeObj(0; 136; -2.9; -0.5; 0)
11075
.Curve 400;8
.Railtype 0;13
.FreeObj(0; 118; 9; -1; 90)
.FreeObj(0; 118; -9; -4.5; 90)
11080
.FreeObj(0; 37; 5; -0.5; 0)
11100
.Curve 300;20
.Railtype 0;5
.FreeObj(0; 64; 3; -0.5; 0)
11110
.FreeObj(0; 35; 7; -0.5; 0)
11150
.FreeObj(0; 47; -12; -5; 80)
.FreeObj(0; 47; 14; 0.5; 80)
.FreeObj(0; 38; 6; -0.55; 2)
11162
.FreeObj(0; 136; 2.5; -0.5; 0)
11175
.FreeObj(0; 39; 6; -0.55; 2)
11200
.FreeObj(0; 38; 6; -0.55; 2)
11225
.wallend(0)
.wall(0;0;28)
.FreeObj(0; 47; -12; -5; 80)
.FreeObj(0; 47; 14; 0.5; 79)
.FreeObj(0; 40; 6; -0.55; 2)
11250
.wallend(0)
.wall(0;0;29)
.FreeObj(0; 40; 6; -0.55; 2)
11262
.FreeObj(0; 136; -3.1; -0.5; 0)
11275
.wallend(0)
.wall(0;0;14)
.FreeObj(0; 39; 6; -0.55; 2)
11300
.wallend(0)
.wall(0;0;30)
.FreeObj(0; 47; -12; -5; 80)
.FreeObj(0; 47; 14; 0.5; 79)
.FreeObj(0; 38; -8; -1.5; 0)
.FreeObj(0; 38; 6; -0.55; 2)
11325
.wallend(0)
.wall(0;0;31)
.FreeObj(0; 39; -7; -1; 0)
.FreeObj(0; 39; 6; -0.55; 2)
11350
.wallend(0)
.wall(0;0;32)
.FreeObj(0; 40; -7; -0.5; 0)
.FreeObj(0; 39; 6; -0.55; 2)
11362
.FreeObj(0; 136; 2.1; -0.5; 0)
11375
.FreeObj(0; 47; 14; 0.5; 79)
.FreeObj(0; 47; -19; -5; 80)
.FreeObj(0; 38; 6; -0.55; 2)
11380
.FreeObj(0; 64; -9; -0.5; 0)
11390
.FreeObj(0; 64; -10; -0.5; 0)
11400
.FreeObj(0; 64; -7; -0.5; 0)
.FreeObj(0; 40; 6; -0.55; 2)
11410
.FreeObj(0; 64; -11; -0.5; 0)
11420
.FreeObj(0; 64; -6; -0.5; 0)
11430
.FreeObj(0; 64; -9; -0.5; 0)
11432
.FreeObj(0; 35; 6; -0.55; 0)
11440
.FreeObj(0; 64; -7; -0.5; 0)
11442
.FreeObj(0; 37; 6; -0.55; 0)
11450
.FreeObj(0; 47; 14; 0.5; 79)
.FreeObj(0; 47; -19; -0.7; 80)
.FreeObj(0; 47; -29; -1; 80)
11462
.FreeObj(0; 136; -3.1; -0.5; 0)
11470
.FreeObj(0; 37; 6; -0.55; 0)
11525
.Curve 400;8
.Railtype 0;13
.FreeObj(0; 47; 14; 0.5; 79)
.FreeObj(0; 47; -11; -0.7; 80)
.FreeObj(0; 47; -21; -1; 80)
11550
.wallend(0)
.wall(0;0;33)
.Curve 0;0
.Railtype 0;0
.FreeObj(0; 39; 6; -0.55; 2)
11562
.FreeObj (0; 183; 2.5; -0.5;0)
11575
.wallend(0)
.wall(0;0;11)
.FreeObj(0; 38; 6; -0.55; 2)
11600
.FreeObj(0; 47; 14; 0.5; 87)
.FreeObj(0; 47; -10; -0.7; 88)
.FreeObj(0; 38; 6; -0.55; 2)
.FreeObj(0; 38; -6; -0.55; 2)
11625
.FreeObj(0; 38; 6; -0.55; 2)
.FreeObj(0; 38; -6; -0.55; 2)
11650
.FreeObj(0; 39; 6; -0.55; 2)
.FreeObj(0; 40; -6; -0.55; 2)
11662
.FreeObj(0; 136; -2.6; -0.5; 0)
11675
.Curve -400;-8
.Railtype 0;14
.FreeObj(0; 40; 6; -0.55; 2)
.FreeObj(0; 39; -6; -0.55; 2)
.FreeObj(0; 47; 15; 0.5; 87)
.FreeObj(0; 47; -15; -0.7; 88)
11700
.Curve -300;0
.Railtype 0;12
.FreeObj(0; 38; 6; -0.55; 2)
.FreeObj(0; 38; -6; -0.55; 2)
11725
.FreeObj(0; 38; 6; -0.55; 0)
.FreeObj(0; 38; -6; -0.55; 0)
11750
.FreeObj(0; 47; 15; 0.5; 98)
.FreeObj(0; 47; -15; 0.5; 95)
.FreeObj(0; 39; 6; -0.55; 0)
.FreeObj(0; 38; -6; -0.55; 0)
11762
.FreeObj(0; 136; 2.7; -0.5; 0)
11775
.FreeObj(0; 38; 6; -0.55; 0)
.FreeObj(0; 40; -6; -0.55; 0)
11800
.FreeObj(0; 40; 6; -0.55; 0)
.FreeObj(0; 39; -6; -0.55; 0)
11825
.FreeObj(0; 47; 15; 0.5; 97)
.FreeObj(0; 47; -15; 0.5; 97)
.FreeObj(0; 38; 6; -0.55; 0)
.FreeObj(0; 38; -6; -0.55; 0)
11850
.FreeObj(0; 38; 6; -0.55; 0)
.FreeObj(0; 38; -6; -0.55; 0)
11862
.FreeObj(0; 136; -2.5; -0.5; 0)
11875
.FreeObj(0; 38; 6; -0.55; 0)
.FreeObj(0; 39; -6; -0.55; 0)
11900
.FreeObj(0; 47; 15; 0.5; 97)
.FreeObj(0; 47; -15; 0.5; 97)
.FreeObj(0; 40; 6; -0.55; 0)
.FreeObj(0; 38; -6; -0.55; 0)
11925
.FreeObj(0; 38; 6; -0.55; 0)
.FreeObj(0; 39; -6; -0.55; 0)
11950
.FreeObj(0; 38; 6; -0.55; 0)
.FreeObj(0; 40; -6; -0.55; 0)
11962
.FreeObj(0; 136; 2.5; -0.5; 0)
11975
.FreeObj(0; 40; 6; -0.55; 0)
.FreeObj(0; 38; -6; -0.55; 0)
12000
.FreeObj(0; 118; 12; 0.5; 98)
.FreeObj(0; 118; -12; 0.5; 98)
.FreeObj(0; 40; 6; -0.55; 0)
.FreeObj(0; 38; -6; -0.55; 0)
12025
.Curve -400;-8
.Railtype 0;14
.FreeObj(0; 40; 6; -0.55; 0)
.FreeObj(0; 38; -6; -0.55; 0)
12050
.FreeObj(0; 38; 6; -0.55; 0)
.FreeObj(0; 38; -6; -0.55; 0)
.wallend(0)
.wall(0;0;38)
.Curve 0;0
.Railtype 0;0
12062
.FreeObj(0; 136; -2.6; -0.5; 0)
12075
.wallend(0)
.wall(0;0;39)
.FreeObj(0; 39; -6; -0.55; 0)
12080
.FreeObj(0; 64; 6; -0.55; 0)
12085
.FreeObj(0; 64; 6; -0.55; 0)
12090
.FreeObj(0; 64; 6; -0.55; 0)
12095
.FreeObj(0; 64; 4; -0.55; 0)
12100
.FreeObj(0; 64; 6; -0.55; 0)
.FreeObj(0; 40; -6; -0.55; 0)
.FreeObj(0; 118; 12; 0; 90)
.FreeObj(0; 118; -12; 1.5; 90)
.FreeObj(0; 118; 18; 0; 90)
.FreeObj(0; 118; -18; 0.5; 90)
12105
.FreeObj(0; 64; 3; -0.55; 0)
.FreeObj(0; 64; 6.5; -0.55; 0)
12110
.FreeObj(0; 64; 7; -0.55; 0)
12115
.FreeObj(0; 64; 5; -0.55; 0)
12120
.FreeObj(0; 64; 3; -0.55; 0)
12125
.FreeObj(0; 64; 7; -0.55; 0)
.FreeObj(0; 38; -6; -0.55; 0)
12127
.FreeObj(0; 64; 5; -0.55; 0)
12130
.FreeObj(0; 64; 5; -0.55; 0)
12135
.FreeObj(0; 64; 6; -0.55; 0)
12140
.FreeObj(0; 64; 2; -0.55; 0)
12145
.FreeObj(0; 64; 6; -0.55; 0)
12150
.FreeObj(0; 38; -6; -0.55; 0)
.FreeObj(0; 38; 6; -0.55; 0)
12162
.FreeObj(0; 136; 2.5; -0.5; 0)
12175
.FreeObj(0; 40; -6; -0.55; 0)
.FreeObj(0; 40; 6; -0.55; 0)
12200
.FreeObj(0; 39; -6; -0.55; 0)
.FreeObj(0; 38; 6; -0.55; 0)
.FreeObj(0; 118; 12; -0.5; 90)
.FreeObj(0; 118; -12; 1.5; 90)
.FreeObj(0; 118; 18; 0; 90)
.FreeObj(0; 118; -18; 0.5; 90)
12225
.FreeObj(0; 38; -6; -0.55; 0)
.FreeObj(0; 38; 6; -0.55; 0)
12250
.FreeObj(0; 38; -6; -0.55; 0)
.FreeObj(0; 38; 6; -0.55; 0)
12262
.FreeObj(0; 136; -2.6; -0.5; 0)
12275
.FreeObj(0; 40; -6; -0.55; 0)
.FreeObj(0; 39; 6; -0.55; 0)
12300
.FreeObj(0; 118; 12; -0.5; 90)
.FreeObj(0; 118; -12; 1.5; 90)
.FreeObj(0; 118; 18; 0; 90)
.FreeObj(0; 118; -18; 0.5; 90)
12362
.FreeObj(0; 136; 2.5; -0.5; 0)
12400
.wallend(0)
.wall(0;0;40)
.FreeObj(0; 118; 5; -0.5; 90)
.FreeObj(0; 118; -5; -0.5; 90)
.FreeObj(0; 118; 10; 0; 90)
.FreeObj(0; 118; -10; 0.5; 90)
12425
.wallend(0)
.wall(0;0;11)
12450
.Curve 600;4
.Railtype 0;15 
12462
.FreeObj(0; 136; -2.9; -0.5; 0)
12500
.FreeObj(0; 118; 6; -0.5; 87)
.FreeObj(0; 118; -6; -0.5; 86)
.FreeObj(0; 118; -11; -0.5; 86)
.Curve 0;0
.Railtype 0;0
12562
.FreeObj (0; 184; 2.5; -0.5;0)
12600
.FreeObj(0; 118; 5; -0.5; 90)
.FreeObj(0; 118; -5; -0.5; 90)
.FreeObj(0; 118; 10; 0; 90)
.FreeObj(0; 118; -10; 0.5; 90)
12662
.FreeObj (0; 136; -2.6; -0.5;0)
12700
.FreeObj(0; 118; 5; -0.5; 90)
.FreeObj(0; 118; -5; -0.5; 90)
.FreeObj(0; 118; 10; 0; 90)
.FreeObj(0; 118; -10; 0.5; 90)
.FreeObj(0; 38; -6; -0.55; 0)
.FreeObj(0; 38; 6; -0.55; 0)
12725
.Curve -600;-4
.Railtype 0;16
.FreeObj(0; 38; -6; -0.55; 0)
.FreeObj(0; 38; 6; -0.55; 0)
12750
.Curve -400;-8
.Railtype 0;14
.FreeObj(0; 40; -6; -0.55; 0)
.FreeObj(0; 38; 6; -0.55; 0)
12762
.FreeObj (0; 136; 2.5; -0.5;0)
12775
.FreeObj(0; 47; 15; 0.5; 92)
.FreeObj(0; 47; -15; 0.5; 92)
.FreeObj(0; 39; -6; -0.55; 0)
.FreeObj(0; 38; 6; -0.55; 0)
12800
.FreeObj(0; 38; -6; -0.55; 0)
.FreeObj(0; 38; 6; -0.55; 0)
12825
.FreeObj(0; 40; -6; -0.55; 0)
.FreeObj(0; 39; 6; -0.55; 0)
12850
.FreeObj(0; 47; 15; 0.5; 96)
.FreeObj(0; 47; -15; 0.5; 96)
.FreeObj(0; 38; -6; -0.55; 0)
.FreeObj(0; 38; 6; -0.55; 0)
12862
.FreeObj (0; 136; -2.6; -0.5;0)
12875
.FreeObj(0; 38; -6; -0.55; 0)
.FreeObj(0; 38; 6; -0.55; 0)
12900
.FreeObj(0; 38; -6; -0.55; 0)
.FreeObj(0; 38; 6; -0.55; 0)
12925
.FreeObj(0; 47; 15; 0.5; 96)
.FreeObj(0; 47; -15; 0.5; 96)
.FreeObj(0; 39; -6; -0.55; 0)
.FreeObj(0; 40; 6; -0.55; 0)
12950
.FreeObj(0; 40; -6; -0.55; 0)
.FreeObj(0; 38; 6; -0.55; 0)
12962
.FreeObj (0; 136; 2.5; -0.5;0)
12975
.Curve -600;-4
.Railtype 0;16
.FreeObj(0; 38; -6; -0.55; 0)
.FreeObj(0; 38; 6; -0.55; 0)
13000
.Curve 0;0
.Railtype 0;0
.FreeObj(0; 47; 15; 0.5; 92)
.FreeObj(0; 47; -15; 0.5; 95)
.FreeObj(0; 40; -6; -0.55; 0)
.FreeObj(0; 40; 6; -0.55; 0)
13025
.FreeObj(0; 38; -6; -0.55; 0)
.FreeObj(0; 38; 6; -0.55; 0)
13050
.FreeObj(0; 40; -6; -0.55; 0)
.FreeObj(0; 38; 6; -0.55; 0)
13062
.FreeObj (0; 136; -2.6; -0.5;0)
13075
.FreeObj(0; 39; -6; -0.55; 0)
.FreeObj(0; 38; 6; -0.55; 0)
13100
.FreeObj(0; 118; 12; -0.5; 90)
.FreeObj(0; 118; -12; 1.5; 90)
.FreeObj(0; 118; 18; 0; 90)
.FreeObj(0; 118; -18; 0.5; 90)
.FreeObj(0; 38; -6; -0.55; 0)
.FreeObj(0; 38; 6; -0.55; 0)
13125
.FreeObj(0; 38; -6; -0.55; 0)
.FreeObj(0; 38; 6; -0.55; 0)
13150
.FreeObj(0; 38; -6; -0.55; 0)
.FreeObj(0; 40; 6; -0.55; 0)
13162
.FreeObj (0; 136; 2.5; -0.5;0)
13175
.Curve 600;4
.Railtype 0;15
.FreeObj(0; 39; -6; -0.55; 0)
.FreeObj(0; 39; -12; 0; 0)
.FreeObj(0; 38; 6; -0.55; 0)
.FreeObj(0; 118; 12; 1.5; 90)
.FreeObj(0; 118; -12; 1.5; 90)
.FreeObj(0; 118; 18; 0.5; 90)
.FreeObj(0; 118; -18; 0.5; 90)
13200
.Curve 400;8
.Railtype 0;13
.FreeObj(0; 40; -6; -0.55; 0)
13225
.FreeObj(0; 38; -6; -0.55; 0)
13233
.FreeObj(0; 35; 6; -0.55; 0)
13247
.FreeObj(0; 35; -10; -2; 0)
13250
.FreeObj(0; 39; -6; -0.55; 0)
13261
.FreeObj(0; 37; 6; -0.55; 0)
13262
.FreeObj (0; 136; -2.8; -0.5;0)
13275
.FreeObj(0; 38; 6; -0.55; 0)
.FreeObj(0; 38; -6; -0.55; 0)
13297
.FreeObj(0; 35; -10; -2; 0)
13300
.FreeObj(0; 40; -6; -0.55; 0)
.FreeObj(0; 118; 12; 1.5; 82)
.FreeObj(0; 118; -12; 1.5; 82)
.FreeObj(0; 118; 18; -0.5; 82)
.FreeObj(0; 118; -18; -0.5; 82)
13320
.FreeObj(0; 35; 6; -0.55; 0)
13325
.FreeObj(0; 38; -6; -0.55; 0)
13347
.FreeObj(0; 35; -10; -2; 0)
13350
.FreeObj(0; 35; 8; -0.55; 0)
.FreeObj(0; 38; -6; -0.55; 0)
13362
.FreeObj (0; 136; 2.2; -0.5;0)
13372
.FreeObj(0; 35; -10; -2; 0)
13375
.FreeObj(0; 39; -6; -0.55; 0)
13395
.FreeObj(0; 37; 6; -0.5; 0)
13400
.FreeObj(0; 40; -6; -0.55; 0)
.FreeObj(0; 118; 12; 0.5; 82)
.FreeObj(0; 118; -12; 0.5; 82)
.FreeObj(0; 118; 18; -0.5; 82)
.FreeObj(0; 118; -18; -0.5; 82)
13412
.FreeObj(0; 64; 2.5; -0.5; 0)
13426
.FreeObj(0; 64; -6; -0.5; 0)
13434
.FreeObj(0; 64; 3; -0.5; 0)
13435
.FreeObj(0; 35; -6; -0.5; 180)
13438
.FreeObj(0; 64; -6; -0.5; 0)
13445
.FreeObj(0; 37; 6; -0.5; 0)
13455
.FreeObj(0; 64; -6; -0.5; 0)
13462
.FreeObj (0; 136; -2.8; -0.5;0)
13465
.FreeObj(0; 64; 3; -0.5; 0)
13472
.FreeObj(0; 35; -10; -2; 0)
13475
.Curve 600;4
.Railtype 0;15
.FreeObj(0; 37; -6; -0.5; 180)
13480
.FreeObj(0; 64; -6; -0.5; 0)
13490
.FreeObj(0; 64; 3; -0.5; 0)
13495
.FreeObj(0; 37; -6; -0.5; 180)
13500
.Curve -600;-4
.Railtype 0;16 
.FreeObj(0; 118; 10; 0.5; 85)
.FreeObj(0; 118; -12; 0.5; 85)
.FreeObj(0; 118; 18; -0.5; 85)
.FreeObj(0; 118; -18; -0.5; 85)
13525
.Curve -400;-8
.Railtype 0;14 
.FreeObj(0; 40; 5; -0.55; 180)
13550
.FreeObj(0; 38; 5; -0.55; 180)
13562
.FreeObj (0; 201; 2.5; -0.5;0)
13575
.FreeObj(0; 38; 5.5; -0.55; 0)
.FreeObj(0; 40; 5; -0.55; 180)
.FreeObj(0; 47; 15; 0.5; 97)
.FreeObj(0; 47; -13; 0.5; 97)
.FreeObj(0; 47; -21; -0.5; 97)
13625
.FreeObj(0; 40; 5; -0.55; 180)
13650
.FreeObj(0; 39; 5.5; -0.55; 180)
.FreeObj(0; 38; 5.5; -0.55; 0)
.FreeObj(0; 38; -5.5; -0.55; 0)
.FreeObj(0; 47; 15; 0.5; 97)
.FreeObj(0; 47; -13; 0.5; 97)
.FreeObj(0; 47; -21; -0.5; 97)
13662
.FreeObj (0; 136; -2.5; -0.5;0)
13675
.Curve -600;-4
.Railtype 0;16 
.FreeObj(0; 38; 5.5; -0.55; 0)
.FreeObj(0; 38; -5.5; -0.55; 0)
13698
.FreeObj(0; 35; -10; -2; 0)
.FreeObj(0; 35; 7; -2; 0)
13700
.Curve 0;0 
.Railtype 0;0
.wallend(0)
.wall(0;0;41)
.FreeObj(0; 38; 5.5; -0.55; 0)
.FreeObj(0; 38; -5.5; -0.55; 0)
13725
.wallend(0)
.wall(0;0;42)
.FreeObj(0; 47; 15; 0; 92)
.FreeObj(0; 47; -13; 0.5; 92)
.FreeObj(0; 47; -21; -0.5; 92)
13762
.FreeObj (0; 136; 2.5; -0.5;0)
13780
.FreeObj (0; 236; -15; -0.4; 0)
13800
.FreeObj(0; 47; 12; -0.7; 89)
.FreeObj(0; 47; 22; -1.5; 90)
.FreeObj(0; 46; -13; -0.7; 90)
.FreeObj(0; 47; -21; -1.5; 90)
13862
.FreeObj (0; 136; -2.6; -0.5;0)
13875
.FreeObj(0; 47; 12; -0.7; 89)
.FreeObj(0; 47; 22; -1.5; 90)
.FreeObj(0; 47; -13; -0.7; 90)
.FreeObj(0; 47; -21; -1.5; 90)
13950
.FreeObj(0; 47; 12; -0.7; 89)
.FreeObj(0; 47; 22; -1.5; 90)
.FreeObj(0; 47; -13; -0.7; 90)
.FreeObj(0; 47; -21; -1.5; 90)
.wallend(0)
.wall(0;0;43)
13962
.FreeObj (0; 136; 2.5; -0.5;0)
13975
.wallend(0)
.wall(0;0;44)
14000
.wallend(0)
.wall(0;0;45)
14025
.wallend(0)
.wall(0;0;18)
14050
.FreeObj(0; 118; 6; -1.5; 90)
.FreeObj(0; 118; -6.5; -1.5; 90)
.FreeObj(0; 118; 11; -1.5; 90)
.FreeObj(0; 118; -11.5; -1.5; 90)
.FreeObj(0; 118; 16; -1.5; 90)
.FreeObj(0; 118; -16.5; -1.5; 90)
14062
.FreeObj (0; 136; -2.8; -0.5;0)
14150
.FreeObj(0; 118; 6; -1.5; 90)
.FreeObj(0; 118; -6.5; -1.5; 90)
14162
.FreeObj (0; 136; 2.5; -0.5;0)
14250
.FreeObj(0; 118; 8; -1.5; 90)
.FreeObj(0; 118; -5.5; -1.5; 89)
.Curve 600;4
.Railtype 0;15
14262
.FreeObj (0; 136; -2.9; -0.5;0)
14275
.Curve 400;8
.Railtype 0;13
14325
.FreeObj(0; 47; 10; -1.7; 80)
.FreeObj(0; 47; -13; -1.7; 80)
14362
.FreeObj (0; 136; 2.5; -0.5;0)
14375
.Curve 600;4
.Railtype 0;15
14400
.FreeObj(0; 47; 10; -1.7; 81)
.FreeObj(0; 47; -13; -1.7; 82)
.Curve 0;0
.Railtype 0;0
.FreeObj(0; 47; 11; -1.7; 268)
14462
.FreeObj (0; 136; -2.9; -0.5;0)
14475
.FreeObj(0; 47; 11; -1.7; 268)
.FreeObj(0; 47; -11; -1.7; 87)
14525
.Curve -400;-8
.Railtype 0;14
14550
.FreeObj(0; 47; -11; -1.7; 93)
.Curve -300;-20
.Railtype 0;12 
14562
.FreeObj (0; 202; 2.6; -0.5;0)
.Marker Szklarska Poreba-Harrachov\Signs\stateborder.png; -150
14625
.FreeObj(0; 47; 10.5; -1.7; 97)
.FreeObj(0; 47; -12; -1.7; 97)
.FreeObj(0; 47; 12; -1.7; 265)
14662
.FreeObj (0; 136; -2.8; -0.5;0)
14665
.FreeObj(0; 187; 2.8; -1; 0)
.FreeObj(0; 188; -2.5; -0.25; 0)
14675
.FreeObj(0; 185; 6; -1.7; 0)
14685
.FreeObj(0; 186; 2.5; -0.5; 180)
14695
.FreeObj(0; 189; 2.8; -0.25; 180)
14700
.FreeObj(0; 47; -12; -1.7; 98)
14762
.FreeObj (0; 203; 3; -0.4;180)
14775
.FreeObj(0; 47; 10.5; -1.7; 96)
.FreeObj(0; 47; -12; -1.7; 98)
14850
.FreeObj(0; 47; 10.5; -1.7; 96)
.FreeObj(0; 47; 15.5; -2; 96)
.FreeObj(0; 47; -12; -1.7; 98)
14862
.FreeObj (0; 203; -2.8; -0.4;0)
14925
.Curve -400;-8
.Railtype 0;14
.FreeObj(0; 47; 10.5; -1.7; 96)
.FreeObj(0; 47; 15.5; -2; 96)
.FreeObj(0; 47; -12; -1.7; 98)
.FreeObj(0; 45; 7; -1.5; 0)
.FreeObj(0; 45; 13; -1.5; 0)
.FreeObj(0; 45; 18; -1.5; 0)
.FreeObj(0; 45; -18; -1.5; 0)
.FreeObj(0; 45; -7; -1.5; 0)
.FreeObj(0; 45; -13; -1.5; 0)
14947
.FreeObj(0; 44; 5.5; -1.7; 0)
14950
.FreeObj(0; 45; -7; -1.5; 0)
.Curve 0;0
.Railtype 0;0
14962
.FreeObj (0; 203; 3; -0.4;180)
14975
.FreeObj(0; 38; 5.5; -1.7; 180)
.FreeObj(0; 21; -3; -1.7; 0)
.FreeObj(0; 21; 3; -1.7; 180)
.FreeObj(0; 38; 5.5; -1.2; 0)
.FreeObj(0; 38; -5.5; -1.2; 0)
15000
.FreeObj(0; 21; -3; -1.7; 0)
.FreeObj(0; 21; 3; -1.7; 180)
.FreeObj(0; 38; 5.5; -1.2; 0)
.FreeObj(0; 39; -5.5; -1.2; 0)
15025
.FreeObj(0; 21; -3; -1.7; 0)
.FreeObj(0; 21; 3; -1.7; 180)
.FreeObj(0; 38; 5.5; -1.2; 0)
.FreeObj(0; 40; -5.5; -1.2; 0)
15050
.FreeObj(0; 21; -3; -1.7; 0)
.FreeObj(0; 21; 3; -1.7; 180)
.FreeObj(0; 38; 5.5; -1.2; 0)
.FreeObj(0; 38; -5.5; -1.2; 0)
15062
.FreeObj (0; 203; -2.8; -0.4;0)
15075
.FreeObj(0; 21; -3; -1.7; 0)
.FreeObj(0; 21; 3; -1.7; 180)
.FreeObj(0; 39; 7; -1.2; 0)
.FreeObj(0; 40; -5.5; -1.2; 0)
15100
.FreeObj(0; 21; -3; -1.7; 0)
.FreeObj(0; 21; 3; -1.7; 180)
.FreeObj(0; 38; 5.5; -1.2; 0)
.FreeObj(0; 38; -5.5; -1.2; 0)
15125
.Curve 400;8
.Railtype 0;13
.FreeObj(0; 21; 3; -1.7; 180)
.FreeObj(0; 13; -3; -1.7; 0)
.FreeObj(0; 38; 5.5; -1.2; 0)
.FreeObj(0; 38; -5.5; -1.2; 0)
15150
.FreeObj(0; 13; -3; -1.7; 0)
.FreeObj(0; 13; 3.5; -1.7; 178)
.FreeObj(0; 38; 5.5; -1.2; 0)
.FreeObj(0; 39; -5.5; -1.2; 0)
.Curve 300;20
.Railtype 0;5
15162
.FreeObj (0; 203; 3; -0.4;180)
15175
.FreeObj(0; 13; -3; -1.7; 0)
.FreeObj(0; 13; 3.5; -1.7; 175)
.FreeObj(0; 38; 5.5; -1.2; 0)
.FreeObj(0; 40; -5.5; -1.2; 0)
15200
.FreeObj(0; 13; 3.5; -1.7; 176)
.FreeObj(0; 45; 8; -1.7; 0)
.FreeObj(0; 45; -8; -1.7; 0)
.FreeObj(0; 45; 13; -1.7; 0)
.FreeObj(0; 45; -13; -1.7; 0)
15225
.FreeObj(0; 45; 8; -1.7; 0)
.FreeObj(0; 45; -8; -1.7; 0)
15250
.FreeObj(0; 45; 8; -1.7; 0)
.FreeObj(0; 45; -8; -1.7; 0)
15262
.FreeObj (0; 203; -3; -0.4;0)
15275
.FreeObj(0; 45; 8; -1.7; 0)
.FreeObj(0; 45; -8; -1.7; 0)
15300
.FreeObj(0; 45; 8; -1.7; 0)
.FreeObj(0; 45; -8; -1.7; 0)
15325
.FreeObj(0; 45; 8; -1.7; 0)
.FreeObj(0; 45; -8; -1.7; 0)
15350
.FreeObj(0; 45; 8; -1.7; 0)
.FreeObj(0; 45; -8; -1.7; 0)
15362
.FreeObj (0; 203; 3; -0.4;180)
15375
.Curve 400;8
.Railtype 0;13
.FreeObj(0; 45; 8; -1.7; 0)
.FreeObj(0; 45; -8; -1.7; 0)
15400
.Curve 0;0
.Railtype 0;0
.FreeObj(0; 45; 8; -1.7; 0)
.FreeObj(0; 45; -8; -1.7; 0)
15425
.FreeObj(0; 45; 8; -1.7; 0)
.FreeObj(0; 45; -8; -1.7; 0)
15450
.FreeObj(0; 45; 8; -1.7; 0)
.FreeObj(0; 45; -8; -1.7; 0)
15462
.FreeObj (0; 203; -3; -0.4;0)
15475
.Curve 400;8
.Railtype 0;13
.FreeObj(0; 45; 8; -1.7; 0)
.FreeObj(0; 45; -8; -1.7; 0)
15497
.FreeObj(0; 44; 5; -2; 0)
.FreeObj(0; 27; -4; -3.5; 0)
15500
.FreeObj(0; 45; 8; -1.7; 0)
.FreeObj(0; 45; -8; -1.7; 0)
.wallend(0)
.Curve 300;20
.Railtype 0;5
.Dike(0;-1;1)
.Wall(0;-1;10)
.FreeObj (0; 50; 60; 0; 0)
.FreeObj (0; 71; -25; -10; 0)
.FreeObj (0; 71; -35; -10; 0)
.FreeObj (0; 78; -16.5; -9.9; 0)
.FreeObj (0; 118; -7; -3; 275)
.FreeObj (0; 45; 5.5; -0.6; 0)
15525
.FreeObj (0; 50; 60; 0; 0)
.FreeObj (0; 71; -25; -10; 0)
.FreeObj (0; 71; -35; -10; 0)
.FreeObj (0; 78; -16.5; -9.9; 0)
.FreeObj (0; 45; 5.5; -0.6; 0)
15533
.FreeObj (0; 233; 2.8; -1.3; 0)
15550
.FreeObj (0; 50; 60; 0; 0)
.FreeObj (0; 71; -25; -10; 0)
.FreeObj (0; 71; -35; -10; 0)
.FreeObj (0; 78; -16.5; -9.9; 0)
.FreeObj (0; 45; 5.5; -0.6; 0)
15562
.FreeObj (0; 204; 3; -0.3;180)
15574
.FreeObj (0; 118; -6; -3; 274)
15575
.FreeObj (0; 50; 60; 0; 0)
.FreeObj (0; 71; -25; -10; 0)
.FreeObj (0; 71; -35; -10; 0)
.FreeObj (0; 78; -16.5; -9.9; 0)
.FreeObj (0; 45; 5.5; -0.6; 0)
.Marker Szklarska Poreba-Harrachov\Signs\harrachov.png; -300
15600
.Railtype 0;17
.FreeObj (0; 45; 5.5; -0.6; 0)
.FreeObj (0; 50; 60; 0; 0)
.FreeObj (0; 71; -25; -10; 0)
.FreeObj (0; 71; -35; -10; 0)
.FreeObj (0; 78; -16.5; -9.9; 0)
15610
.FreeObj (0; 24; -7.5; -4; 45)
15615
.FreeObj (0; 44; -7.5; -3.5; 45)
15622
.FreeObj (0; 27; 4.5; -3.5; 0)
.FreeObj (0; 44; -5.5; -3.5; 0)
