0,.Brightness 200,.Fog -20;300;136;136;136,
900,.Fog -20;200;130;130;130,
2150,.Fog -30;300;130;130;130,
2800,.Fog -50;300;110;110;110,
3950,.Fog -50;275;100;100;100,
4000,.Fog -50;200;90;90;90,

4250,.Fog 0;200;255;255;255,.Brightness 250,
4275,.Fog -50;200;90;90;90,.Brightness 200,
4325,.Doppler Szklarska Poreba-Harrachov/thunder.wav;0;0.5,

4950,.Fog -50;275;100;100;100,
5000,.Fog -50;300;120;120;120,
5725,.Fog -100;300;130;130;130,
6200,.Fog -150;250;130;130;130,
6350,.Fog -100;280;130;130;130,
7250,.Fog -150;250;125;125;125,
8000,.Fog -200;200;125;120;120,
8900,.Fog -150;225;125;125;125,
9700,.Fog -150;225;110;110;110,
9800,.Fog -150;200;100;100;100,

10800,.Fog -100;225;110;110;110,
10900,.Fog -75;250;125;125;125,

13000,.Fog -40;300;130;130;130,
15500,.Fog -20;300;140;140;140,

