2205
.Marker Szklarska Poreba-Harrachov\Signs\szklarskaporebahuta.png; -450
2205
.FreeObj (0; 48; -5; -0.8; 90)
.FreeObj (0; 48; 5; -0.8; 0)
.FreeObj (0; 49; 10; -0.8; 0)
2207
.FreeObj (0; 48; -5; -0.8; 90)
.FreeObj (0; 48; 5; -0.8; 0)
.FreeObj (0; 49; 10; -0.8; 0)
2212
.FreeObj (0; 48; -5; -0.8; 90)
.FreeObj (0; 48; 5; -0.8; 0)
.FreeObj (0; 49; 10; -0.8; 0)
2215
.FreeObj (0; 35; -5; -0.5; 0)
.FreeObj (0; 48; -5; -0.8; 90)
.FreeObj (0; 48; 5; -0.8; 0)
.FreeObj (0; 49; 10; -0.8; 0)
.FreeObj (0; 44; 14; -2; 0)
2217
.FreeObj (0; 49; 5; -0.8; 90)
.FreeObj (0; 48; -6; -0.8; 0)
.FreeObj (0; 49; 10; -0.8; 0)
2220
.FreeObj (0; 49; -6; -0.8; 0)
.FreeObj (0; 48; 5; -0.8; 0)
.FreeObj (0; 49; 10; -0.8; 0)
2225
.FreeObj (0; 44; 15; -2; 0)
.FreeObj (0; 49; 5; -0.8; 90)
.FreeObj (0; 48; -5; -0.8; 90)
.FreeObj (0; 53; -9.5; -0.5; 0)
.FreeObj (0; 49; -6; -0.8; 0)
.FreeObj (0; 49; 10; -0.8; 0)
2228
.FreeObj (0; 48; -6; -0.8; 0)
.FreeObj (0; 48; 5; -0.8; 0)
.FreeObj (0; 49; 10; -0.8; 0)
2230
.FreeObj (0; 49; 5; -0.8; 90)
.FreeObj (0; 48; -5; -0.8; 90)
.FreeObj (0; 49; 10; -0.8; 0)
2232
.FreeObj (0; 49; -6; -0.8; 0)
.FreeObj (0; 48; 5; -0.8; 0)
.FreeObj (0; 49; 10; -0.8; 0)
.FreeObj (0; 44; 14; -2; 0)
2235
.FreeObj (0; 48; -5; -0.8; 90)
.FreeObj (0; 48; 5; -0.8; 0)
.FreeObj (0; 49; 10; -0.8; 0)
2238
.FreeObj (0; 44; 14; -2; 0)
.FreeObj (0; 48; -6; -0.8; 0)
.FreeObj (0; 49; 5; -0.8; 90)
.FreeObj (0; 49; 10; -0.8; 0)
2240
.FreeObj (0; 49; 5; -0.8; 90)
.FreeObj (0; 49; 10; -0.8; 0)
.FreeObj (0; 48; -5; -0.8; 90)
2245
.FreeObj (0; 48; -5; -0.8; 90)
.FreeObj (0; 49; 5; -0.8; 90)
.FreeObj (0; 48; -6; -0.8; 0)
.FreeObj (0; 49; 16; -0.8; 0)
.FreeObj (0; 48; 5; -0.8; 0)
.FreeObj (0; 49; 10; -0.8; 0)
2250
.FreeObj (0; 49; 16; -0.8; 0)
.FreeObj (0; 48; 5; -0.8; 0)
.FreeObj (0; 48; -6; -0.8; 0)
.FreeObj (0; 48; -5; -0.8; 90)
.FreeObj (0; 53; -9.5; -0.5; 0)
.FreeObj (0; 46; 25; -3.5; 90)
.FreeObj (0; 46; -15; -2.5; 90)
.FreeObj (0; 49; 10; -0.8; 0)
2254
.FreeObj (0; 44; 14; -2; 0)
.FreeObj (0; 49; 16; -0.8; 0)
2255
.FreeObj (0; 49; 5; -0.8; 90)
.FreeObj (0; 48; -6; -0.8; 0)
.FreeObj (0; 49; 10; -0.8; 0)
2258
.FreeObj (0; 48; 5; -0.8; 0)
.FreeObj (0; 49; 10; -0.8; 0)
.FreeObj (0; 49; -5; -0.8; 90)
2260
.FreeObj (0; 48; 5; -0.8; 0)
.FreeObj (0; 49; 10; -0.8; 0)
.FreeObj (0; 49; -5; -0.8; 90)
2262
.FreeObj (0; 49; -5; -0.8; 90)
.FreeObj (0; 49; 5; -0.8; 90)
.FreeObj (0; 49; 10; -0.8; 0)
.FreeObj (0; 136; -3.1; -0.5;0)
2265
.FreeObj (0; 49; 5; -0.8; 90)
.FreeObj (0; 48; -6; -0.8; 0)
.FreeObj (0; 48; 5; -0.8; 0)
.FreeObj (0; 49; 10; -0.8; 0)
2267
.FreeObj (0; 44; 16; -2; 0)
.FreeObj (0; 48; -6; -0.8; 0)
.FreeObj (0; 49; 10; -0.8; 0)
.FreeObj (0; 49; 16; -0.8; 0)
2270
.FreeObj (0; 48; 5; -0.8; 0)
.FreeObj (0; 49; 10; -0.8; 0)
.FreeObj (0; 49; -5; -0.8; 90)
2272
.FreeObj (0; 48; 5; -0.8; 0)
.FreeObj (0; 49; -5; -0.8; 90)
.FreeObj (0; 49; 16; -0.8; 0)
2275
.FreeObj (0; 48; 5; -0.8; 0)
.FreeObj (0; 49; -5; -0.8; 90)
.FreeObj (0; 53; -9.5; -0.5; 0)
.FreeObj (0; 49; 10; -0.8; 0)
2277
.FreeObj (0; 49; 5; -0.8; 90)
.FreeObj (0; 49; -5; -0.8; 90)
.FreeObj (0; 49; 16; -0.8; 0)
2280
.FreeObj (0; 49; 5; -0.8; 90)
.FreeObj (0; 48; -6; -0.8; 0)
.FreeObj (0; 49; 10; -0.8; 0)
.FreeObj (0; 35; -5; -0.5; 0)
2283
.FreeObj (0; 49; 5; -0.8; 90)
.FreeObj (0; 48; -6; -0.8; 0)
.FreeObj (0; 49; 10; -0.8; 0)
2285
.FreeObj (0; 48; 5; -0.8; 0)
.FreeObj (0; 49; 10; -0.8; 0)
.FreeObj (0; 49; -5; -0.8; 90)
2287
.FreeObj (0; 49; 5; -0.8; 90)
.FreeObj (0; 48; -6; -0.8; 0)
.FreeObj (0; 49; 10; -0.8; 0)
.FreeObj (0; 49; 16; -0.8; 0)
2290
.FreeObj (0; 49; 5; -0.8; 90)
.FreeObj (0; 49; 10; -0.8; 0)
.FreeObj (0; 49; -5; -0.8; 90)
.FreeObj (0; 49; 16; -0.8; 0)
2295
.FreeObj (0; 48; 5; -0.8; 0)
.FreeObj (0; 49; -5; -0.8; 90)
.FreeObj (0; 49; 10; -0.8; 0)
.FreeObj (0; 49; 10; -0.8; 0)
.FreeObj (0; 49; 16; -0.8; 0)
2300
.FreeObj (0; 49; 5; -0.8; 90)
.FreeObj (0; 53; -9.5; -0.5; 0)
.FreeObj (0; 46; 20; -2.5; 90)
.FreeObj (0; 46; -15; -0.5; 90)
.FreeObj (0; 48; -6; -0.8; 0)
.FreeObj (0; 49; 10; -0.8; 0)
.FreeObj (0; 49; 16; -0.8; 0)
2305
.FreeObj (0; 48; 5; -0.8; 0)
.FreeObj (0; 48; -6; -0.8; 0)
.FreeObj (0; 49; 16; -0.8; 0)
.FreeObj (0; 49; 10; -0.8; 0)
2308
.FreeObj (0; 49; 5; -0.8; 90)
.FreeObj (0; 49; -5; -0.8; 90)
.FreeObj (0; 49; 10; -0.8; 0)
.FreeObj (0; 49; 16; -0.8; 0)
2310
.FreeObj (0; 48; 5; -0.8; 0)
.FreeObj (0; 49; -6; -0.8; 0)
2313
.FreeObj (0; 48; 5; -0.8; 0)
.FreeObj (0; 49; -5; -0.8; 90)
.FreeObj (0; 49; 10; -0.8; 0)
2315
.FreeObj (0; 49; 16; -0.8; 0)
.FreeObj (0; 49; 5; -0.8; 90)
.FreeObj (0; 48; -5.5; -0.8; 90)
.FreeObj (0; 49; 10; -0.8; 0)
2318
.FreeObj (0; 48; 5; -0.8; 0)
.FreeObj (0; 49; -5.5; -0.8; 90)
.FreeObj (0; 49; 10; -0.8; 0)
2320
.FreeObj (0; 49; 5; -0.8; 90)
.FreeObj (0; 49; 10; -0.8; 0)
.FreeObj (0; 48; -5.5; -0.8; 90)
2322
.FreeObj (0; 48; 5; -0.8; 0)
.FreeObj (0; 48; -5.5; -0.8; 90)
2325
.FreeObj (0; 49; 16; -0.8; 0)
.FreeObj (0; 49; 5; -0.8; 90)
.FreeObj (0; 49; 10; -0.8; 0)
.FreeObj (0; 48; -5.5; -0.8; 0)
.FreeObj (0; 48; -5.5; -0.8; 90)
.FreeObj (0; 53; -9.5; -0.5; 0)
.FreeObj (0; 46; -15; -0.7; 90)
.FreeObj (0; 46; 20; -2.5; 90)
.FreeObj (0; 87; -17; -0.5; 180)
2330
.FreeObj (0; 49; -5.5; -0.8; 90)
.FreeObj (0; 49; 16; -0.8; 0)
.FreeObj (0; 49; 5; -0.8; 90)
.FreeObj (0; 49; 10; -0.8; 0)
2333
.FreeObj (0; 49; -5.5; -0.8; 90)
2335
.FreeObj (0; 49; 16; -0.8; 0)
.FreeObj (0; 49; 5; -0.8; 90)
.FreeObj (0; 49; 10; -0.8; 0)
.FreeObj (0; 48; -5.5; -0.8; 0)
2338
.FreeObj (0; 48; -5.5; -0.8; 0)
2340
.FreeObj (0; 49; 16; -0.8; 0)
.FreeObj (0; 49; 5; -0.8; 90)
.FreeObj (0; 49; 10; -0.8; 0)
.FreeObj (0; 49; -5.5; -0.8; 0)
2342
.FreeObj (0; 49; -6; -0.8; 0)
2345
.FreeObj (0; 55; -12.5; -0.5; 270)
.FreeObj (0; 48; -5; -0.8; 90)
.FreeObj (0; 49; -6; -0.8; 0)
.FreeObj (0; 49; 16; -0.8; 0)
.FreeObj (0; 49; 5; -0.8; 90)
.FreeObj (0; 49; 10; -0.8; 0)
2348
.FreeObj (0; 48; -5; -0.8; 90)
.FreeObj (0; 36; -6.5; -0.8; 45)
2350
.FreeObj (0; 87; -17; -0.5; 180)
.FreeObj (0; 49; 16; -0.8; 0)
.FreeObj (0; 49; 5; -0.8; 90)
.FreeObj (0; 49; 10; -0.8; 0)
.FreeObj (0; 53; -9.5; -0.5; 0)
2353
.FreeObj (0; 49; -6; -0.8; 0)
2355
.FreeObj (0; 49; 16; -0.8; 0)
.FreeObj (0; 49; 5; -0.8; 90)
.FreeObj (0; 49; 10; -0.8; 0)
.FreeObj (0; 48; -5; -0.8; 90)
2358
.FreeObj (0; 49; -6; -0.8; 0)
2360
.FreeObj (0; 49; 16; -0.8; 0)
.FreeObj (0; 49; 5; -0.8; 90)
.FreeObj (0; 49; 10; -0.8; 0)
.FreeObj (0; 48; -5; -0.8; 90)
2362
.FreeObj (0; 49; -5.5; -0.8; 90)
.FreeObj (0; 136; 3.1; -0.5;0)
2365
.FreeObj (0; 49; 16; -0.8; 0)
.FreeObj (0; 49; 5; -0.8; 90)
.FreeObj (0; 49; 10; -0.8; 0)
.FreeObj (0; 48; -5; -0.8; 90)
2368
.FreeObj (0; 44; 19; -2; 0)
2370
.FreeObj (0; 49; 16; -0.8; 0)
.FreeObj (0; 49; 5; -0.8; 90)
.FreeObj (0; 49; 10; -0.8; 0)
.FreeObj (0; 48; -5.5; -0.8; 90)
2372
.FreeObj (0; 48; -5.5; -0.8; 90)
2375
.FreeObj (0; 87; -17; -0.5; 180)
.FreeObj (0; 48; -5; -0.8; 90)
.FreeObj (0; 38; 5.5; -1.5; 0)
.FreeObj (0; 53; -9.5; -0.5; 0)
.FreeObj (0; 49; 16; -0.8; 0)
.FreeObj (0; 49; 5; -0.8; 90)
.FreeObj (0; 49; 10; -0.8; 0)
2378
.FreeObj (0; 48; -5.5; -0.8; 90)
2380
.FreeObj (0; 49; -6; -0.8; 0)
.FreeObj (0; 49; 16; -0.8; 0)
.FreeObj (0; 49; 5; -0.8; 90)
.FreeObj (0; 49; 10; -0.8; 0)
2382
.FreeObj (0; 48; -5.5; -0.8; 90)
2385
.FreeObj (0; 49; 16; -0.8; 0)
.FreeObj (0; 49; 5; -0.8; 90)
.FreeObj (0; 49; 10; -0.8; 0)
.FreeObj (0; 48; -5.5; -0.8; 90)
.FreeObj (0; 49; -6; -0.8; 0)
.FreeObj (0; 44; 18; -2; 0)
2387
.FreeObj (0; 48; -5; -0.8; 0)
2390
.FreeObj (0; 56; -12.5; -0.5; 180)
.FreeObj (0; 49; -6; -0.8; 90)
.FreeObj (0; 49; 16; -0.8; 0)
.FreeObj (0; 49; 5; -0.8; 90)
.FreeObj (0; 49; 10; -0.8; 0)
2392
.FreeObj (0; 48; -5; -0.8; 0)
.FreeObj (0; 126; -10; -0.5; 0)
2395
.FreeObj (0; 49; -6; -0.8; 90)
.FreeObj (0; 49; 16; -0.8; 0)
.FreeObj (0; 49; 5; -0.8; 90)
.FreeObj (0; 49; 10; -0.8; 0)
2397
.FreeObj (0; 48; -5; -0.8; 0)
2400
.FreeObj (0; 87; -17; -0.5; 180)
.FreeObj (0; 49; 16; -0.8; 0)
.FreeObj (0; 49; 5; -0.8; 90)
.FreeObj (0; 49; 10; -0.8; 0)
.FreeObj (0; 49; -6; -0.8; 90)
.FreeObj (0; 143; -9.5; -0.5; 312)
.FreeObj (0; 30; 5.5; -1.5; 0)
.FreeObj (0; 46; -40; -1; 90)
.FreeObj (0; 46; 25; -3.5; 90)
2402
.FreeObj (0; 48; -5; -0.8; 0)
2405
.FreeObj (0; 49; -6; -0.8; 90)
.FreeObj (0; 49; 16; -0.8; 0)
.FreeObj (0; 49; 5; -0.8; 90)
.FreeObj (0; 49; 10; -0.8; 0)
2407
.FreeObj (0; 216; -10; -0.4; 180)
.FreeObj (0; 49; -6; -0.8; 90)
2410
.FreeObj (0; 49; 16; -0.8; 0)
.FreeObj (0; 49; 5; -0.8; 90)
.FreeObj (0; 49; 10; -0.8; 0)
.FreeObj (0; 48; -5; -0.8; 0)
2412
.FreeObj (0; 53; -22.5; -0.5; 0)
.FreeObj (0; 143; -22.5; -0.5; 133)
2413
.FreeObj (0; 49; 16; -0.8; 0)
.FreeObj (0; 49; 5; -0.8; 90)
.FreeObj (0; 49; 10; -0.8; 0)
.FreeObj (0; 48; -5; -0.8; 0)
2414
.FreeObj (0; 145; -12; -0.4; 0)
.FreeObj (0; 146; -18; -0.4; 0)
2417
.FreeObj (0; 49; 16; -0.8; 0)
.FreeObj (0; 49; 5; -0.8; 90)
.FreeObj (0; 49; 10; -0.8; 0)
.FreeObj (0; 49; -6; -0.8; 90)
.FreeObj (0; 144; -9; -0.4; 270)
2420
.FreeObj (0; 49; 16; -0.8; 0)
.FreeObj (0; 49; 5; -0.8; 90)
.FreeObj (0; 49; 10; -0.8; 0)
.FreeObj (0; 48; -5; -0.8; 0)
2425
.FreeObj (0; 87; -17; -0.5; 180)
.FreeObj (0; 48; -5; -0.8; 0)
.FreeObj (0; 40; -5.5; -0.5; 0)
.FreeObj (0; 38; -10.5; -0.5; 0)
.FreeObj (0; 39; -15.5; -0.5; 0)
.FreeObj (0; 24; -24; -2; 0)
.FreeObj (0; 49; 16; -0.8; 0)
.FreeObj (0; 49; 5; -0.8; 90)
.FreeObj (0; 49; 10; -0.8; 0)
.FreeObj (0; 46; -35; -2.5; 90)
.FreeObj (0; 46; 20; -2.5; 90)
2430
.FreeObj (0; 49; 16; -0.8; 0)
.FreeObj (0; 40; 5.5; -0.5; 180)
.FreeObj (0; 49; 10; -0.8; 0)
2437
.FreeObj (0; 197; 2.7; -2; 0)
2450
.FreeObj (0; 40; -5.5; -0.5; 0)
.FreeObj (0; 40; 5.5; -0.5; 180)
.FreeObj (0; 46; -30; -2.5; 90)
.FreeObj (0; 46; 20; -2.5; 90)
.FreeObj (0; 48; -5; -0.8; 0)
2462
.FreeObj (0; 136; -3.1; -0.5;0)
2475
.section 0;2;4
.Sig -2;;0;0
.Sta (Szklarska Poreba Huta; 16.3840; 16.3855; ; -1; 1;;;;;;;)
.FreeObj (0; 140; -3; 1; 180)
.FreeObj (0; 79; -6; 0; 0)
.FreeObj (0; 40; 5.5; -0.5; 180)
.FreeObj (0; 40; -9; -0.5; 0)
2500
.FreeObj (0; 40; -9; -0.5; 0)
.FreeObj (0; 40; 5.5; -0.5; 180)
.FreeObj (0; 79; -6; 0; 0)
.FreeObj (0; 147; -6.5; 0.; 180)
2510
.FreeObj (0; 224; -3.5; 0; 0)
.FreeObj (0; 147; -6.5; 0.; 180)
2515
.FreeObj (0; 139; -6.5; 0; 180)
2520
.FreeObj (0; 147; -6.5; 0.; 180)
2522.5
.FreeObj (0; 80; -4; 0; 270)
2525
.FreeObj (0; 40; -9.3; -0.5; 0)
.FreeObj (0; 79; -6; 0; 0)
.FreeObj (0; 40; 5.5; -0.5; 180)
.FreeObj (0; 46; -30; -2.5; 90)
2535
.FreeObj (0; 147; -6.5; 0.; 180)
.FreeObj (0; 213; -3.5; 0; 0)
2540
.FreeObj (0; 229; -7; 1.2; 270)
2545
.FreeObj (0; 147; -6.5; 0.; 180)
2550
.FreeObj (0; 40; -9; -0.5; 0)
.FreeObj (0; 79; -6; 0; 0)
.FreeObj (0; 46; -35; -2.5; 90)
.FreeObj (0; 40; 5.5; -0.5; 180)
2557
.Stop (0)
.Doppler Szklarska Poreba-Harrachov/forest.wav;0;0.5,
.FreeObj (0; 140; 3; 1; 0)
2562
.section 0;2;4
.Sig -2;;0;0
.FreeObj (0; 141; 2.9; -0.5;0)
2575
.FreeObj (0; 64; 7; -0.5;0)
.FreeObj (0; 53; -22.5; -0.59; 0)
2600
.FreeObj (0; 35; -12; -0.5; 0)
.FreeObj (0; 53; -22.5; -0.59; 0)
2625
.FreeObj (0; 46; -35; -0.5; 90)
.FreeObj (0; 53; -22.5; -0.59; 0)
2650
.FreeObj (0; 37; -9; -0.5; 0)
.Curve 400;8
.Railtype 0;13
.FreeObj (0; 47; -30; -0.5; 90)
.FreeObj (0; 46; 20; -0.5; 90)
.FreeObj (0; 47; 30; -1.5; 90)
.FreeObj (0; 148; -22.5; -0.59; 0)
2655
.FreeObj (0; 64; 9; -0.5;0)
2662
.FreeObj (0; 136; -3.4; -0.5;0)
2670
.FreeObj (0; 64; 7; -0.5;0)
2675
.Curve 300;20
.Railtype 0;5
.FreeObj (0; 148; -22.5; -0.59; 0)
2695
.FreeObj (0; 36; -16; -1; 0)
2700
.FreeObj (0; 47; -30; -0.5; 90)
.FreeObj (0; 148; -22.5; -0.59; 0)
2705
.FreeObj (0; 60; -5; -0.5; 0)
.FreeObj (0; 60; -25; -0.5; 90)
2710
.FreeObj (0; 64; 10; -0.5;0)
2720
.FreeObj (0; 145; -11; -0.4; 0)
.FreeObj (0; 146; -18; -0.4; 0)
2722.5
.FreeObj (0; 37; -6; -0.5; 0)
2723
.FreeObj (0; 149; -10; -0.5; 270)
.FreeObj (0; 142; -24; -0.5; 180)
2725
.FreeObj (0; 47; -30; -0.5; 90)
.FreeObj (0; 60; -5; -0.5; 0)
.FreeObj (0; 47; 20; -0.7; 80)
2727
.FreeObj (0; 44; -44; -0.5; 0)
2730
.FreeObj (0; 64; 6; -0.5;0)
2732
.FreeObj (0; 36; -30; -1; 0)
.FreeObj (0; 44; -42; -0.5; 0)
2735
.FreeObj (0; 150; -11; -0.35; 270)
2740
.FreeObj (0; 126; -3; -0.5; 0)
2745
.FreeObj (0; 24; -47; -1; 0)
2747
.FreeObj (0; 37; -6; -0.5; 0)
2748
.FreeObj (0; 69; -26.7; -0.55; 77)
.FreeObj (0; 69; -26.7; -0.55; 257)
2749
.FreeObj (0; 199; 2.6; -1; 0)
2750.5
.FreeObj (0; 59; -3.5; 0; 90)
.FreeObj (0; 87; -4; -0.5; 90)
.FreeObj (0; 87; -29; -0.5; 90)
2751
.FreeObj (0; 58; 0; 0; 358)
2753
.FreeObj (0; 214; -3.5; -0.5; 0)
2756
.FreeObj (0; 59; 3.5; 0; 270)
2756.77
.FreeObj (0; 87; 19; -0.5; 75)
2759
.FreeObj (0; 199; -2.8; -1; 180)
2761
.FreeObj (0; 69; 26.2; -0.55; 252)
2762
.FreeObj (0; 136; 2.7; -0.5;0)
2785
.FreeObj (0; 71; 2; -1; 90)
2792
.FreeObj (0; 44; 16; -1; 0)
.FreeObj (0; 44; 22; -1; 0)
2795
.FreeObj (0; 27; 5; -1.2; 0)
.FreeObj (0; 27; -5; -1.2; 0)
.FreeObj (0; 24; 8; -1.7; 0)
.FreeObj (0; 44; 12; -1; 0)
2798
.FreeObj (0; 47; 20; -0.7; 80)