BVE2000000
#ACCELERATION
1.7,1.7,8,15,2.6
2,2,19,22,1.5
2.2,2.2,30,55,3.1
2.2,2.2,45,80,3
0,0,0,0,1
0,0,0,0,1
0,0,0,0,1
0,0,0,0,1
#PERFORMANCE
3.3
0.34
#DELAY
0.2
0.2
0.2
0.2
0.2
0.2
#MOVE
100
80
100
70
70
75
#BRAKE
4
8
12
#PRESSURE
350
392
610
730
#HANDLE
0
4
0
8
#COCKPIT
800
2600
-1000
#CAR
66
1
88
0
23.9
1
#DEVICE
-1
0
1
0
0
0
1
1
#MOTOR_P1
6,78,3
6,78,3
6,78,3
6,78,3
6,78,4
6,78,4
6,79,4
6,79,4
6,79,4
6,79,6
6,79,8
6,79,11
6,79,13
6,79,15
6,79,17
6,79,20
6,80,22
6,80,24
6,80,26
6,80,29
6,80,31
6,80,33
6,80,35
6,80,38
6,80,40
6,81,42
6,81,44
6,81,47
6,81,49
6,81,51
6,81,53
6,81,56
6,81,58
6,81,60
6,81,62
6,81,65
6,81,67
6,81,69
6,82,71
6,82,74
6,82,76
6,82,78
6,82,80
6,82,83
6,82,85
6,82,87
6,82,89
6,82,92
6,82,94
6,82,96
6,82,98
6,82,101
6,82,103
6,82,105
6,82,105
6,82,105
6,82,105
6,82,105
6,83,105
6,83,105
6,83,105
6,83,105
6,83,105
6,83,105
6,83,105
6,83,105
6,83,105
6,83,105
6,83,105
6,83,105
6,83,105
6,83,105
6,83,105
6,83,105
6,83,105
6,83,105
6,83,105
6,83,105
6,84,105
6,84,104
6,84,104
6,84,104
6,84,104
6,84,104
6,84,104
6,84,104
6,84,104
6,84,104
6,84,104
6,84,104
6,84,104
6,84,104
6,84,104
6,84,104
6,85,104
6,85,104
6,85,104
6,85,104
6,85,104
6,85,104
6,85,104
6,85,104
6,85,104
6,85,104
6,85,104
6,85,104
6,85,104
6,85,104
6,85,104
6,85,104
6,85,104
6,85,104
6,85,104
6,85,104
6,85,104
6,85,104
6,85,104
6,85,104
6,86,104
6,86,104
6,86,104
6,86,104
6,86,104
6,86,104
6,86,104
6,86,104
6,86,104
6,86,104
6,86,104
6,86,104
6,86,104
6,86,104
6,86,104
6,86,104
6,86,104
6,86,104
6,86,104
6,86,104
6,86,104
6,86,104
6,86,104
6,86,104
6,87,104
6,87,104
6,87,104
6,87,104
6,87,104
6,87,104
6,87,104
6,87,104
6,87,104
6,87,104
6,87,104
6,87,104
6,87,104
6,87,103
6,87,103
6,87,103
6,87,103
6,87,103
6,87,103
6,87,103
6,87,103
6,87,103
6,87,103
6,87,103
6,88,103
6,88,103
6,88,103
6,88,103
6,88,103
6,88,103
6,88,103
6,88,103
6,88,103
6,88,103
6,88,103
6,88,103
6,88,103
6,88,103
6,88,103
6,88,103
6,88,103
6,88,103
6,88,103
6,88,103
6,88,103
6,88,103
6,88,103
6,88,103
6,88,103
6,89,103
6,89,103
6,89,103
6,89,103
6,89,103
6,89,103
6,89,103
6,89,103
6,89,103
6,89,103
6,89,103
6,89,103
6,89,103
6,89,103
6,89,103
6,89,103
6,89,103
6,89,103
6,89,103
6,89,103
6,89,103
6,89,103
6,89,103
6,89,103
6,90,102
6,90,102
6,90,102
6,90,102
6,90,102
6,90,102
6,90,102
6,90,102
6,90,102
6,90,102
6,90,102
6,90,102
6,90,102
6,90,102
6,90,102
6,90,102
6,90,102
6,90,102
6,90,102
6,90,102
6,90,102
6,90,102
6,90,102
6,90,102
6,91,102
6,91,102
6,91,102
6,91,102
6,91,102
6,91,102
6,91,102
6,91,102
6,91,102
6,91,102
6,91,102
6,91,102
6,91,102
6,91,102
6,91,102
6,91,102
6,91,102
6,91,102
6,91,102
6,91,102
6,91,102
6,91,102
6,91,102
6,91,102
6,92,102
6,92,102
6,92,102
6,92,102
6,92,102
6,92,102
6,92,102
6,92,102
6,92,102
6,92,102
6,92,102
6,92,102
6,92,102
6,92,102
6,92,102
6,92,102
6,92,102
6,92,102
6,92,102
6,92,102
6,80,92
6,70,81
6,60,70
6,50,60
6,40,48
6,30,35
1,206,20
1,206,25
1,207,40
1,207,56
1,207,72
1,207,83
1,207,94
1,208,117
1,208,117
1,208,117
1,209,117
1,209,117
1,209,117
1,209,117
1,209,117
1,210,117
1,210,117
1,210,117
1,210,117
1,210,117
1,211,117
1,211,118
1,211,118
1,211,118
1,211,118
1,212,118
1,212,118
1,212,118
1,212,118
1,212,118
1,213,119
1,213,119
1,213,119
1,213,119
1,213,119
1,214,119
1,214,119
1,214,119
1,214,119
1,214,120
1,215,120
1,215,120
1,215,120
1,215,120
1,215,120
1,216,120
1,216,120
1,216,120
1,216,120
1,216,120
1,217,120
1,217,120
1,217,120
1,217,120
1,217,120
1,218,120
1,218,120
1,218,120
1,218,120
1,218,120
1,219,120
1,219,120
1,219,120
1,219,120
1,219,120
1,220,120
1,220,120
1,220,120
1,220,121
1,220,121
1,220,121
1,221,121
1,221,121
1,221,121
1,221,121
1,221,121
1,222,121
1,222,121
1,222,121
1,222,121
1,222,121
1,223,121
1,223,121
1,223,121
1,223,121
1,223,121
1,224,121
1,224,121
1,224,121
1,224,121
1,224,121
1,225,121
1,225,121
1,225,121
1,225,121
1,225,121
1,226,121
1,226,121
1,226,121
1,226,121
1,226,121
1,227,121
1,227,121
1,227,121
1,227,121
1,227,121
1,228,121
1,228,121
1,228,121
1,228,121
1,228,121
1,229,121
1,229,122
1,229,122
1,229,122
1,229,122
1,230,122
1,230,122
1,230,122
1,230,122
1,230,122
1,231,122
1,231,122
1,231,122
1,231,122
1,231,122
1,232,122
1,232,122
1,232,122
1,232,122
1,232,122
1,233,122
1,233,122
1,233,122
1,233,122
1,233,122
1,234,122
1,234,122
1,234,122
1,234,122
1,234,122
1,235,122
1,235,122
1,235,122
1,235,122
1,235,122
1,236,122
1,236,122
1,236,122
1,236,122
1,236,122
1,237,122
1,237,122
1,237,122
1,237,122
1,237,122
1,238,122
1,238,122
1,238,122
1,238,122
1,238,122
1,239,122
1,239,122
1,239,122
1,239,122
1,239,122
1,240,122
1,240,122
1,240,122
1,240,122
1,240,122
1,241,122
1,241,122
1,241,122
1,241,122
1,241,122
1,242,122
1,242,122
1,242,122
1,242,122
1,242,122
1,243,122
1,243,122
1,243,123
1,243,123
1,243,123
1,244,123
1,244,123
1,244,123
1,244,123
1,244,123
1,245,123
1,245,123
1,245,123
1,245,123
1,245,123
1,245,123
1,246,123
1,246,123
1,246,123
1,246,123
1,246,123
1,247,123
1,247,123
1,247,123
1,247,123
1,247,123
1,248,123
1,248,123
1,248,123
1,248,123
1,248,123
1,249,123
1,249,123
1,249,123
1,249,123
1,249,123
1,250,123
1,250,123
1,250,123
1,250,123
1,250,123
1,251,123
1,251,123
1,251,123
1,251,123
1,251,123
1,252,123
1,252,123
1,252,123
1,252,123
1,252,123
1,253,123
1,253,123
1,253,123
1,253,123
1,253,123
1,254,123
1,254,123
1,254,123
1,254,123
1,254,123
1,255,123
1,255,123
1,255,123
1,255,123
1,255,123
1,256,123
1,256,123
1,256,123
1,256,123
1,256,123
1,257,123
1,257,124
1,257,124
1,257,124
1,257,124
1,258,124
1,258,124
1,258,124
1,258,124
1,258,124
1,259,124
1,259,124
1,259,124
1,259,124
1,259,124
1,260,124
1,260,124
1,260,124
1,260,124
1,260,124
1,261,124
1,261,124
1,261,124
1,261,124
1,261,124
1,262,124
1,262,124
1,262,124
1,262,124
1,262,124
1,263,124
1,263,124
1,263,124
1,263,124
1,263,124
1,264,124
1,264,124
1,264,124
1,264,124
1,264,124
1,265,124
1,265,124
1,265,124
1,265,124
1,265,124
1,266,124
1,266,124
1,266,124
1,266,124
1,266,124
1,267,124
1,267,124
1,267,124
1,267,124
1,267,124
1,268,124
1,268,124
1,268,124
1,268,124
1,268,124
1,269,124
1,269,124
1,269,124
1,269,124
1,269,124
1,270,124
1,270,124
1,270,124
1,270,124
1,270,124
1,270,124
1,271,124
1,271,125
1,271,125
1,271,125
1,271,125
1,272,125
1,272,125
1,272,125
1,272,125
1,272,125
1,273,125
1,273,125
1,273,125
1,273,125
1,273,125
1,274,125
1,274,125
1,274,125
1,274,125
1,274,125
1,275,125
1,275,125
1,275,125
1,275,125
1,275,125
1,276,125
1,276,125
1,276,125
1,276,125
1,276,125
1,277,125
1,277,125
1,277,125
1,277,125
1,277,125
1,278,125
1,278,125
1,278,125
1,278,125
1,278,125
1,279,125
1,279,125
1,279,125
1,279,125
1,279,125
1,280,125
1,280,125
1,280,125
1,280,125
1,280,125
1,281,125
1,281,125
1,281,125
1,281,125
1,281,125
1,282,125
1,282,125
1,282,125
1,282,125
1,282,125
1,282,125
1,283,125
1,283,125
1,283,125
1,283,125
1,283,125
1,284,125
1,284,125
1,284,125
1,284,125
1,284,125
1,284,125
1,285,125
1,285,125
1,285,125
1,285,125
1,285,125
1,285,125
1,286,125
1,286,125
1,286,125
1,286,125
1,286,125
1,287,125
1,287,125
1,287,125
1,287,125
1,287,125
1,287,125
1,288,125
1,288,125
1,288,125
1,288,125
1,288,125
1,289,125
1,289,125
1,289,125
1,289,125
1,289,125
1,289,125
1,290,125
1,290,125
1,290,125
1,290,125
1,290,125
1,290,125
1,291,125
1,291,125
1,291,125
1,291,125
1,291,125
1,292,126
1,292,126
1,292,126
1,292,126
1,292,126
1,292,126
1,293,126
1,293,126
1,293,126
1,293,126
1,293,126
1,293,126
1,293,126
1,294,126
1,294,126
1,294,126
1,294,126
1,294,126
1,295,126
1,295,126
1,295,126
1,295,126
1,295,126
1,296,126
1,296,126
1,296,126
1,296,126
1,296,126
1,297,126
1,297,126
1,297,126
1,297,126
1,298,126
1,298,126
1,298,126
1,298,126
1,298,126
1,299,126
1,299,126
1,299,126
1,299,126
1,300,126
1,300,126
1,300,126
1,300,126
1,300,126
1,301,126
1,301,126
1,301,126
1,301,126
1,301,126
1,302,126
1,302,126
1,302,126
1,302,126
1,302,126
1,303,126
1,303,126
1,303,126
1,303,126
1,304,126
1,304,126
1,304,126
1,304,126
1,304,126
1,305,126
1,305,126
1,305,126
1,305,126
1,306,126
1,306,126
1,306,126
1,306,126
1,306,126
1,307,126
1,307,126
1,307,126
#MOTOR_P2
3,100,126
3,100,126
3,100,126
3,100,125
3,100,125
3,100,125
3,100,125
3,100,125
3,100,124
3,100,124
3,100,124
3,100,124
3,100,124
3,100,123
3,100,123
3,100,123
3,100,123
3,100,123
3,100,123
3,100,122
3,100,122
3,100,122
3,100,122
3,100,122
3,100,121
3,100,121
3,100,121
3,100,121
3,100,121
3,100,120
3,100,120
3,100,120
3,100,120
3,100,120
3,100,119
3,100,119
3,100,119
3,100,119
3,100,119
3,100,118
3,100,116
3,100,113
3,100,111
3,100,108
3,100,106
3,100,103
3,100,101
3,100,98
3,100,96
3,100,93
3,100,91
3,100,88
3,100,86
3,100,84
3,100,81
3,100,79
3,100,76
3,100,74
3,100,71
3,100,69
3,100,66
3,100,64
3,100,61
3,100,59
3,100,57
3,100,54
3,100,52
3,100,49
3,100,47
3,100,44
3,100,42
3,100,39
3,100,37
3,100,34
3,100,32
3,100,30
3,100,27
3,100,25
3,100,22
3,100,20
3,100,17
3,100,15
3,100,12
3,100,10
3,100,7
3,100,5
3,100,2
3,100,0
3,100,0
3,100,0
3,100,0
3,100,0
3,100,0
3,100,0
3,100,0
3,100,0
3,100,0
3,100,0
3,100,0
3,100,0
-1,99,0
-1,99,0
-1,99,0
-1,99,0
-1,133,0
2,133,4
2,134,6
2,134,9
2,135,11
2,135,13
2,135,15
2,136,17
2,136,19
2,136,21
2,137,24
2,137,26
2,138,28
2,138,30
2,138,32
2,139,34
2,139,36
2,140,38
2,140,41
2,140,43
2,141,45
2,141,47
2,141,49
2,142,51
2,142,53
2,143,56
2,143,58
2,143,60
2,144,62
2,144,64
2,144,66
2,145,68
2,145,70
2,146,73
2,146,75
2,146,77
2,147,79
2,147,81
2,148,83
2,148,85
2,148,88
2,149,90
2,149,92
2,149,94
2,150,94
2,150,94
2,151,94
2,151,95
2,151,95
2,152,95
2,152,95
2,153,95
2,153,96
2,153,96
2,154,96
2,154,96
2,154,96
2,155,96
2,155,97
2,156,97
2,156,97
2,156,97
2,157,97
2,157,98
2,158,98
2,158,98
2,158,98
2,159,98
2,159,99
2,159,99
2,160,99
2,160,99
2,161,99
2,161,99
2,161,100
2,162,100
2,162,100
2,162,100
2,163,100
2,163,101
2,164,101
2,164,101
2,164,101
2,165,101
2,165,102
2,166,102
2,166,102
2,166,102
2,167,102
2,167,102
2,167,103
2,168,103
2,168,103
2,169,103
2,169,103
2,169,104
2,170,104
2,170,104
2,171,104
2,171,104
2,171,105
2,172,105
2,172,105
2,172,105
2,173,105
2,173,106
2,174,106
2,174,106
2,174,106
2,175,106
2,175,106
2,176,107
2,176,107
2,176,107
2,177,107
2,177,107
2,177,108
2,178,108
2,178,108
2,179,108
2,179,108
2,179,109
2,180,109
2,180,109
2,181,109
2,181,109
2,181,109
2,182,110
2,182,110
2,182,110
2,183,110
2,183,110
2,184,111
2,184,111
2,184,111
2,185,111
2,185,111
2,185,112
2,186,112
2,186,112
2,187,112
2,187,112
2,187,112
2,188,113
2,188,113
2,189,113
2,189,113
2,189,113
2,190,114
2,190,114
2,190,114
2,191,114
2,191,114
2,192,115
2,192,115
2,192,115
2,193,115
2,193,115
2,194,115
2,194,116
2,194,116
2,195,116
2,195,116
2,195,116
2,196,116
2,196,116
2,197,117
2,197,117
2,197,113
2,198,109
2,198,105
2,199,101
2,199,98
2,199,94
2,200,90
2,200,86
2,200,82
2,201,78
2,201,74
2,202,70
2,202,66
2,202,62
2,203,58
2,203,55
2,203,51
2,204,47
2,204,43
2,205,39
2,205,35
2,205,31
2,206,27
2,206,23
2,207,20
2,207,16
2,207,12
2,208,8
2,208,4
2,208,0
2,209,0
2,209,0
-1,210,0
-1,210,0
-1,210,0
-1,210,0
-1,210,0
-1,209,0
-1,209,0
-1,209,0
-1,209,0
-1,209,0
-1,208,0
-1,208,0
-1,208,0
-1,208,0
-1,208,0
-1,208,0
-1,207,0
-1,207,0
-1,207,0
-1,207,0
-1,207,0
-1,206,0
-1,206,0
-1,206,0
-1,206,0
-1,206,0
-1,205,0
-1,205,0
-1,205,0
-1,205,0
-1,205,0
-1,204,0
-1,204,0
-1,204,0
-1,204,0
-1,204,0
-1,203,0
-1,203,0
-1,203,0
-1,203,0
-1,203,0
-1,202,0
-1,202,0
-1,202,0
-1,202,0
-1,202,0
-1,202,0
-1,201,0
-1,201,0
-1,201,0
-1,201,0
-1,201,0
-1,200,0
-1,200,0
-1,200,0
-1,200,0
-1,200,0
-1,200,0
-1,200,0
-1,200,0
-1,200,0
-1,200,0
-1,200,0
-1,200,0
-1,200,0
-1,200,0
-1,200,0
-1,200,0
-1,200,0
-1,200,0
-1,200,0
-1,200,0
-1,200,0
-1,200,0
-1,200,0
-1,200,0
-1,200,0
-1,200,0
-1,200,0
-1,200,0
-1,200,0
-1,200,0
-1,200,0
-1,200,0
-1,200,0
-1,200,0
-1,200,0
-1,200,0
-1,200,0
-1,200,0
-1,200,0
-1,200,0
-1,200,0
-1,200,0
-1,200,0
-1,200,0
-1,200,0
-1,200,0
-1,200,0
-1,200,0
-1,200,0
-1,200,0
-1,200,0
-1,200,0
-1,200,0
-1,200,0
-1,200,0
-1,200,0
-1,200,0
-1,200,0
-1,200,0
-1,200,0
-1,200,0
-1,200,0
-1,200,0
-1,200,0
-1,200,0
-1,200,0
-1,200,0
-1,200,0
-1,200,0
-1,200,0
-1,200,0
-1,200,0
-1,200,0
-1,200,0
-1,200,0
-1,200,0
-1,200,0
-1,200,0
-1,200,0
-1,200,0
-1,200,0
-1,200,0
-1,200,0
-1,200,0
-1,200,0
-1,200,0
-1,200,0
-1,200,0
-1,200,0
-1,200,0
-1,200,0
-1,200,0
-1,200,0
-1,200,0
-1,200,0
-1,200,0
-1,200,0
-1,200,0
-1,200,0
-1,200,0
-1,200,0
-1,200,0
-1,200,0
-1,200,0
-1,200,0
-1,200,0
-1,200,0
-1,200,0
-1,200,0
-1,200,0
-1,200,0
-1,200,0
-1,200,0
-1,200,0
-1,200,0
-1,200,0
-1,200,0
-1,200,0
-1,200,0
-1,200,0
-1,200,0
-1,200,0
-1,200,0
-1,200,0
-1,200,0
-1,200,0
-1,200,0
-1,200,0
-1,200,0
-1,200,0
-1,200,0
-1,200,0
-1,200,0
-1,200,0
-1,200,0
-1,200,0
-1,200,0
-1,200,0
-1,200,0
-1,200,0
-1,200,0
-1,200,0
-1,200,0
-1,200,0
-1,200,0
-1,200,0
-1,200,0
-1,200,0
-1,200,0
-1,200,0
-1,200,0
-1,200,0
-1,200,0
-1,200,0
-1,200,0
-1,200,0
-1,200,0
-1,200,0
-1,200,0
-1,200,0
-1,200,0
-1,200,0
-1,200,0
-1,200,0
-1,200,0
-1,200,0
-1,200,0
-1,200,0
-1,200,0
-1,200,0
-1,200,0
-1,200,0
-1,200,0
-1,200,0
-1,200,0
-1,200,0
-1,200,0
-1,200,0
-1,200,0
-1,200,0
-1,200,0
-1,200,0
-1,200,0
-1,200,0
-1,200,0
-1,200,0
-1,200,0
-1,200,0
-1,200,0
-1,200,0
-1,200,0
-1,200,0
-1,200,0
-1,200,0
-1,200,0
-1,200,0
-1,200,0
-1,200,0
-1,200,0
-1,200,0
-1,200,0
-1,200,0
-1,200,0
-1,200,0
-1,200,0
-1,200,0
-1,200,0
-1,200,0
-1,200,0
-1,200,0
-1,200,0
-1,200,0
-1,200,0
-1,200,0
-1,200,0
-1,200,0
-1,200,0
-1,200,0
-1,200,0
-1,200,0
-1,200,0
-1,200,0
-1,200,0
-1,200,0
-1,200,0
-1,200,0
-1,200,0
-1,200,0
-1,200,0
-1,200,0
-1,200,0
-1,200,0
-1,200,0
-1,200,0
-1,200,0
-1,200,0
-1,200,0
-1,200,0
-1,200,0
-1,200,0
-1,200,0
-1,200,0
-1,200,0
-1,200,0
-1,200,0
-1,200,0
-1,200,0
-1,200,0
-1,200,0
-1,200,0
-1,200,0
-1,200,0
-1,200,0
-1,200,0
-1,200,0
-1,200,0
-1,200,0
-1,200,0
-1,200,0
-1,200,0
-1,200,0
-1,200,0
-1,200,0
-1,200,0
-1,200,0
-1,200,0
-1,200,0
-1,200,0
-1,200,0
-1,200,0
-1,200,0
-1,200,0
-1,200,0
-1,200,0
-1,200,0
-1,200,0
-1,200,0
-1,200,0
-1,200,0
-1,200,0
-1,200,0
-1,200,0
-1,200,0
-1,200,0
-1,200,0
-1,200,0
-1,200,0
-1,200,0
-1,200,0
-1,200,0
-1,200,0
-1,200,0
-1,200,0
-1,200,0
-1,200,0
-1,200,0
-1,200,0
-1,200,0
-1,200,0
-1,200,0
-1,200,0
-1,200,0
-1,200,0
-1,200,0
-1,200,0
-1,200,0
-1,200,0
-1,200,0
-1,200,0
-1,200,0
-1,200,0
-1,200,0
-1,200,0
-1,200,0
-1,200,0
-1,200,0
-1,200,0
-1,200,0
-1,200,0
-1,200,0
-1,200,0
-1,200,0
-1,200,0
-1,200,0
-1,200,0
-1,200,0
-1,200,0
-1,200,0
-1,200,0
-1,200,0
-1,200,0
-1,200,0
-1,200,0
-1,200,0
-1,200,0
-1,200,0
-1,200,0
-1,200,0
-1,200,0
-1,200,0
-1,200,0
-1,200,0
-1,200,0
-1,200,0
-1,200,0
-1,200,0
-1,200,0
-1,200,0
-1,200,0
-1,200,0
-1,200,0
-1,200,0
-1,200,0
-1,200,0
-1,200,0
-1,200,0
-1,200,0
-1,200,0
-1,200,0
-1,200,0
-1,200,0
-1,200,0
-1,200,0
-1,200,0
-1,200,0
-1,200,0
-1,200,0
-1,200,0
-1,200,0
-1,200,0
-1,200,0
-1,200,0
-1,200,0
-1,200,0
-1,200,0
-1,200,0
-1,200,0
-1,200,0
-1,200,0
-1,200,0
-1,200,0
-1,200,0
-1,200,0
-1,200,0
-1,200,0
-1,200,0
-1,200,0
-1,200,0
-1,200,0
-1,200,0
-1,200,0
-1,200,0
-1,200,0
-1,200,0
-1,200,0
-1,200,0
-1,200,0
-1,200,0
-1,200,0
-1,200,0
-1,200,0
-1,200,0
-1,200,0
-1,200,0
-1,200,0
-1,200,0
-1,200,0
-1,200,0
-1,200,0
-1,200,0
-1,200,0
-1,200,0
-1,200,0
-1,200,0
-1,200,0
-1,200,0
-1,200,0
-1,200,0
-1,200,0
-1,200,0
-1,200,0
-1,200,0
-1,200,0
-1,200,0
-1,200,0
-1,200,0
-1,200,0
-1,200,0
-1,200,0
-1,200,0
-1,200,0
-1,200,0
-1,200,0
-1,200,0
-1,200,0
-1,200,0
-1,200,0
-1,200,0
-1,200,0
-1,200,0
-1,200,0
-1,200,0
-1,200,0
-1,200,0
#MOTOR_B1
4,164,36
4,164,36
4,164,37
4,164,37
4,164,38
4,164,39
4,164,39
4,164,40
4,164,41
4,164,41
4,164,42
4,164,43
4,164,43
4,164,44
4,164,45
4,164,45
4,164,46
4,164,47
4,164,47
4,164,48
4,164,49
4,164,50
4,164,50
4,164,51
4,164,52
4,164,52
4,164,53
4,164,54
4,164,54
4,164,55
4,164,56
4,164,56
4,164,57
4,164,58
4,164,58
4,164,59
4,164,60
4,164,60
4,164,61
4,164,62
4,164,62
4,164,63
4,164,64
4,164,64
4,164,65
4,164,66
4,164,66
4,164,67
4,164,68
4,164,68
4,164,69
4,164,70
4,164,70
4,164,71
4,164,72
4,164,72
4,164,73
4,164,74
4,164,75
4,164,75
4,164,76
4,164,77
4,164,77
4,164,78
4,164,79
4,164,79
4,164,80
4,164,81
4,164,81
4,164,82
4,164,83
4,164,83
4,164,84
4,164,85
4,164,85
4,164,86
4,164,86
4,164,86
4,164,86
4,164,86
4,164,86
4,164,86
4,164,86
4,164,87
4,164,87
4,164,87
4,164,87
4,164,87
4,164,87
4,164,87
4,164,87
4,164,87
4,164,87
4,164,87
4,164,87
4,164,87
4,164,87
4,164,87
4,164,87
4,164,87
4,164,88
4,164,88
4,164,88
4,164,88
4,164,88
4,164,88
4,164,88
4,164,88
4,164,88
4,164,88
4,164,88
4,164,88
4,164,88
4,164,88
4,164,88
4,164,88
4,164,88
4,164,89
4,164,89
4,164,89
4,164,89
4,164,89
4,164,89
4,164,89
4,164,89
4,164,89
4,164,89
4,164,89
4,164,89
4,164,89
4,164,89
4,164,89
4,164,89
4,164,89
4,164,90
4,164,90
4,164,90
4,164,90
4,164,90
4,164,90
4,164,90
4,164,90
4,164,90
4,164,90
4,164,90
4,164,90
4,164,90
4,164,90
4,164,90
4,164,90
4,164,90
4,164,91
4,164,91
4,164,91
4,164,91
4,164,91
4,164,91
4,164,91
4,164,91
4,164,91
4,164,91
4,164,91
4,164,91
4,164,91
4,164,91
4,164,91
4,164,91
4,164,91
4,164,91
4,164,92
4,164,92
4,164,92
4,164,92
4,164,92
4,164,92
4,164,92
4,164,92
4,164,92
4,164,92
4,164,92
4,164,92
4,164,92
4,164,92
4,164,92
4,164,92
4,164,92
4,164,93
4,164,93
4,164,93
4,164,93
4,164,93
4,164,93
4,164,93
4,164,93
4,164,93
4,164,93
4,164,93
4,164,93
4,164,93
4,164,93
4,164,93
4,164,93
4,164,93
4,164,94
4,164,94
4,164,94
4,164,94
4,164,94
4,164,94
4,164,94
4,164,94
4,164,94
4,164,94
4,164,94
4,164,94
4,164,94
4,164,94
4,164,94
4,164,94
4,164,94
4,164,95
4,164,95
4,164,95
4,164,95
4,164,95
4,164,95
4,164,95
4,164,95
4,164,95
4,164,95
4,164,95
4,164,95
4,164,95
4,164,95
4,164,95
4,164,95
4,164,95
4,164,96
4,164,96
4,164,96
4,164,96
4,164,96
4,164,96
4,164,96
4,164,96
4,164,96
4,164,96
4,164,96
4,164,96
4,164,96
4,164,96
4,164,96
4,164,96
4,164,96
4,164,96
4,164,96
4,164,96
4,164,96
4,164,96
4,164,96
4,164,96
4,164,96
4,164,96
4,164,96
4,164,96
4,164,96
4,164,96
4,164,96
4,164,96
4,164,96
4,164,96
4,164,96
4,164,96
4,164,96
4,164,96
4,164,96
4,164,96
4,164,96
4,164,96
4,164,96
4,164,96
4,164,96
4,164,96
4,164,96
4,164,96
4,164,96
4,164,96
4,164,96
4,164,96
4,164,96
4,164,96
4,164,96
4,164,96
4,164,96
4,164,96
4,164,96
4,164,96
4,164,96
4,164,96
4,164,96
4,164,96
4,164,96
4,164,96
4,164,96
4,164,96
4,164,96
4,164,96
4,164,96
4,164,96
4,164,96
4,164,96
4,164,96
4,164,96
4,164,96
4,164,96
4,164,96
4,164,96
4,164,96
4,164,96
4,164,96
4,164,96
4,164,96
4,164,96
4,164,96
4,164,96
4,164,96
4,164,96
4,164,96
4,164,96
4,164,96
4,164,96
4,164,96
4,164,96
4,164,96
4,164,96
4,164,96
4,164,96
4,164,96
4,164,96
4,164,96
4,164,96
4,164,96
4,164,96
4,164,96
4,164,96
4,164,96
4,164,96
4,164,96
4,164,96
4,164,96
4,164,96
4,164,96
4,164,96
4,164,96
4,164,96
4,164,96
4,164,96
4,164,96
4,164,96
4,164,96
4,164,96
4,164,96
4,164,96
4,164,96
4,164,96
4,164,96
4,164,96
4,164,96
4,164,96
4,164,96
4,164,96
4,164,96
4,164,96
4,164,96
4,164,96
4,164,96
4,164,96
4,164,96
4,164,96
4,164,96
4,165,96
4,165,96
4,165,96
4,165,96
4,165,96
4,165,96
4,165,96
4,165,96
4,165,96
4,165,96
4,165,96
4,165,96
4,165,96
4,165,96
4,165,96
4,165,96
4,165,96
4,165,96
4,165,96
4,165,96
4,165,96
4,165,96
4,165,96
4,165,96
4,165,96
4,165,96
4,165,96
4,165,96
4,165,96
4,165,96
4,165,96
4,165,96
4,165,96
4,165,96
4,165,96
4,165,96
4,165,96
4,165,96
4,165,96
4,165,96
4,165,96
4,165,96
4,165,96
4,165,96
4,165,96
4,165,96
4,165,96
4,165,96
4,165,96
4,165,96
4,165,96
4,165,96
4,165,96
4,165,96
4,165,96
4,165,96
4,165,96
4,165,96
4,165,96
4,165,96
4,165,96
4,165,96
4,165,96
4,165,96
4,165,96
4,165,96
4,165,96
4,165,96
4,165,96
4,165,96
4,165,96
4,165,96
4,165,96
4,165,96
4,165,96
4,165,96
4,165,96
4,165,96
4,165,96
4,165,96
4,165,96
4,165,96
4,165,96
4,165,96
4,165,96
4,165,96
4,165,96
4,165,96
4,165,96
4,165,96
4,165,96
4,165,96
4,165,96
4,165,96
4,165,96
4,165,96
4,165,96
4,165,96
4,165,96
4,165,96
4,165,96
4,165,96
4,165,96
4,165,96
4,165,96
4,165,96
4,165,96
4,165,96
4,165,96
4,165,96
4,165,96
4,165,96
4,165,96
4,165,96
4,165,96
4,165,96
4,165,96
4,165,96
4,165,96
4,165,96
4,165,96
4,165,96
4,165,96
4,165,96
4,165,96
4,165,96
4,165,96
4,165,96
4,165,96
4,165,96
4,165,96
4,165,96
4,165,96
4,165,96
4,165,96
4,165,96
4,165,96
4,165,96
4,165,96
4,165,96
4,165,96
4,165,96
4,165,96
4,165,96
4,165,96
4,165,96
4,165,96
4,165,96
4,165,96
4,165,96
4,165,96
4,165,96
4,165,96
4,165,96
4,165,96
4,165,96
4,165,96
4,165,96
4,165,96
4,165,96
4,165,96
4,165,96
4,165,96
4,165,96
4,165,96
4,165,96
4,165,96
4,165,96
4,165,96
4,165,96
4,165,96
4,165,96
4,165,96
4,165,96
4,165,96
4,165,96
4,165,96
4,165,96
4,165,96
4,165,96
4,165,96
4,165,96
4,165,96
4,165,96
4,165,96
4,165,96
4,165,96
4,165,96
4,166,96
4,166,96
4,166,96
4,166,96
4,166,96
4,166,96
4,166,96
4,166,96
4,166,96
4,166,96
4,166,96
4,166,96
4,166,96
4,166,96
4,166,96
4,166,96
4,166,96
4,166,96
4,166,96
4,166,96
4,166,96
4,166,96
4,166,96
4,166,96
4,166,96
4,166,96
4,166,96
4,166,96
4,166,96
4,166,96
4,166,96
4,166,96
4,166,96
4,166,96
4,166,96
4,166,96
4,166,96
4,166,96
4,166,96
4,166,96
4,166,96
4,166,96
4,166,96
4,166,96
4,166,96
4,166,96
4,166,96
4,166,96
4,166,96
4,166,96
4,166,96
4,166,96
4,166,96
4,166,96
4,166,96
4,166,96
4,166,96
4,166,96
4,166,96
4,166,96
4,166,96
4,166,96
4,166,96
4,166,96
4,166,96
4,166,96
4,166,96
4,166,96
4,166,96
4,166,96
4,166,96
4,166,96
4,166,96
4,166,96
4,166,96
4,166,96
4,166,96
4,166,96
4,166,96
4,166,96
4,166,96
4,166,96
4,166,96
4,166,96
4,166,96
4,166,96
4,166,96
4,166,96
4,166,96
4,166,96
4,166,96
4,166,96
4,166,96
4,166,96
4,166,96
4,166,96
4,166,96
4,166,96
4,166,96
4,166,96
4,166,96
4,166,96
4,166,96
4,166,96
4,166,96
4,166,96
4,166,96
4,166,96
4,166,96
4,166,96
4,166,96
4,166,96
4,166,96
4,166,96
4,166,96
4,166,96
4,166,96
4,166,96
4,166,96
4,166,96
4,166,96
4,166,96
4,166,96
4,166,96
4,166,96
4,166,96
4,166,96
4,166,96
4,166,96
4,166,96
4,166,96
4,166,96
4,166,96
4,166,96
4,166,96
4,166,96
4,166,96
4,166,96
4,166,96
4,166,96
4,166,96
4,166,96
4,166,96
4,166,96
4,166,96
4,166,96
4,166,96
4,166,96
4,166,96
4,166,96
4,166,96
4,166,96
4,166,96
4,166,96
4,166,96
4,166,96
4,166,96
4,166,96
4,166,96
4,166,96
4,166,96
4,166,96
4,166,96
4,166,96
4,166,96
4,166,96
4,166,96
4,166,96
4,166,96
4,166,96
4,166,96
4,166,96
4,166,96
4,166,96
4,166,96
4,166,96
4,166,96
4,166,96
4,166,96
4,166,96
4,166,96
4,166,96
4,166,96
4,166,96
4,166,96
4,166,96
4,166,96
4,166,96
4,166,96
4,166,96
4,166,96
4,166,96
4,166,96
4,166,96
4,166,96
4,166,96
4,166,96
4,166,96
4,166,96
4,166,96
4,166,96
4,166,96
4,166,96
4,166,96
4,166,96
4,166,96
4,166,96
4,166,96
4,166,96
4,166,96
4,166,96
4,166,96
4,166,96
4,166,96
4,166,96
4,166,96
4,166,96
4,166,96
4,166,96
4,166,96
4,166,96
4,166,96
4,166,96
4,166,96
4,166,96
4,166,96
4,166,96
4,166,96
0,166,96
0,166,96
0,110,96
0,110,0
#MOTOR_B2
-1,10,43
-1,10,43
-1,10,43
-1,10,29
-1,10,29
-1,10,29
-1,10,29
-1,10,29
-1,10,29
-1,10,29
-1,10,29
-1,10,29
-1,10,29
-1,10,29
-1,10,29
-1,10,29
-1,10,29
-1,10,29
-1,10,29
-1,10,29
-1,10,29
-1,10,29
-1,10,29
-1,10,29
-1,10,29
-1,10,29
-1,10,29
-1,10,29
-1,10,29
-1,10,29
-1,10,29
-1,10,29
-1,10,28
-1,10,28
-1,10,28
-1,10,28
-1,10,28
-1,10,28
-1,10,28
-1,10,28
-1,10,28
-1,10,28
-1,10,28
-1,10,28
-1,10,28
-1,10,28
-1,10,28
-1,10,28
-1,10,28
-1,10,28
-1,10,28
-1,10,28
-1,10,28
-1,10,28
-1,10,28
-1,10,28
-1,10,28
-1,10,28
-1,10,28
-1,10,28
-1,10,28
-1,10,28
-1,10,28
-1,10,28
-1,10,28
-1,10,28
-1,10,28
-1,10,28
-1,10,28
-1,10,28
-1,10,28
-1,10,28
-1,10,28
-1,10,28
-1,10,28
-1,10,28
-1,10,28
-1,10,28
-1,10,28
-1,10,28
-1,10,28
-1,10,28
-1,10,28
-1,10,28
-1,10,28
-1,10,28
-1,10,28
-1,10,28
-1,10,27
-1,10,27
-1,10,27
-1,10,27
-1,10,27
-1,10,27
-1,10,27
-1,10,27
-1,10,27
-1,10,27
-1,10,27
-1,10,27
-1,10,27
-1,10,27
-1,10,27
-1,10,27
-1,10,27
-1,11,27
-1,11,27
-1,11,27
-1,11,27
-1,11,27
-1,11,27
-1,11,27
-1,11,27
-1,11,27
-1,11,27
-1,11,27
-1,11,27
-1,11,27
-1,11,27
-1,11,27
-1,11,27
-1,11,27
-1,11,27
-1,11,27
-1,11,27
-1,11,27
-1,11,27
-1,11,27
-1,11,27
-1,11,27
-1,11,27
-1,11,27
-1,11,27
-1,11,27
-1,11,27
-1,11,27
-1,11,27
-1,11,27
-1,11,27
-1,11,27
-1,11,27
-1,11,27
-1,11,27
-1,11,27
-1,11,26
-1,11,26
-1,11,26
-1,11,26
-1,11,26
-1,11,26
-1,11,26
-1,11,26
-1,11,26
-1,11,26
-1,11,26
-1,11,26
-1,11,26
-1,11,26
-1,11,26
-1,11,26
-1,11,26
-1,11,26
-1,11,26
-1,11,26
-1,11,26
-1,11,26
-1,11,26
-1,11,26
-1,11,26
-1,11,26
-1,11,26
-1,11,26
-1,11,26
-1,11,26
-1,11,26
-1,11,26
-1,11,26
-1,11,26
-1,11,26
-1,11,26
-1,11,26
-1,11,26
-1,11,26
-1,11,26
-1,11,26
-1,11,26
-1,11,26
-1,11,26
-1,11,26
-1,11,26
-1,11,26
-1,11,26
-1,11,26
-1,11,26
-1,11,26
-1,11,26
-1,11,26
-1,11,26
-1,11,26
-1,11,26
-1,11,26
-1,11,25
-1,11,25
-1,11,25
-1,11,25
-1,11,25
-1,11,25
-1,11,25
-1,11,25
-1,11,25
-1,11,25
-1,11,25
-1,11,25
-1,11,25
-1,11,25
-1,11,25
-1,11,25
-1,11,25
-1,11,25
-1,11,25
-1,11,25
-1,11,25
-1,11,25
-1,11,25
-1,11,25
-1,11,25
-1,11,25
-1,11,25
-1,11,25
-1,11,25
-1,11,25
-1,11,25
-1,11,25
-1,11,25
-1,11,25
-1,11,25
-1,11,25
-1,11,25
-1,11,25
-1,11,25
-1,11,25
-1,11,25
-1,11,25
-1,11,25
-1,11,25
-1,11,25
-1,11,25
-1,11,25
-1,11,25
-1,11,25
-1,11,25
-1,11,25
-1,11,25
-1,11,25
-1,11,25
-1,11,25
-1,11,25
-1,11,24
-1,11,24
-1,11,24
-1,11,24
-1,11,24
-1,11,24
-1,11,24
-1,11,24
-1,11,24
-1,11,24
-1,11,24
-1,11,24
-1,11,24
-1,11,24
-1,11,24
-1,11,24
-1,11,24
-1,11,24
-1,11,24
-1,11,24
-1,11,24
-1,11,24
-1,11,24
-1,11,24
-1,11,24
-1,11,24
-1,11,24
-1,11,24
-1,11,24
-1,11,24
-1,11,24
-1,11,24
-1,11,24
-1,11,24
-1,11,24
-1,11,24
-1,11,24
-1,11,24
-1,11,24
-1,11,24
-1,11,24
-1,11,24
-1,11,24
-1,12,24
-1,12,24
-1,12,24
-1,12,24
-1,12,24
-1,12,24
-1,12,24
-1,12,24
-1,12,24
-1,12,24
-1,12,24
-1,12,24
-1,12,24
-1,12,23
-1,12,23
-1,12,23
-1,12,23
-1,12,23
-1,12,23
-1,12,23
-1,12,23
-1,12,23
-1,12,23
-1,12,23
-1,12,23
-1,12,23
-1,12,23
-1,12,23
-1,12,23
-1,12,23
-1,12,23
-1,12,23
-1,12,23
-1,12,23
-1,12,23
-1,12,23
-1,12,23
-1,12,23
-1,12,23
-1,12,23
-1,12,23
-1,12,23
-1,12,23
-1,12,23
-1,12,23
-1,12,23
-1,12,23
-1,12,23
-1,12,23
-1,12,23
-1,12,23
-1,12,23
-1,12,23
-1,12,23
-1,12,23
-1,12,23
-1,12,23
-1,12,23
-1,12,23
-1,12,23
-1,12,23
-1,12,23
-1,12,23
-1,12,23
-1,12,23
-1,12,23
-1,12,23
-1,12,23
-1,12,23
-1,12,22
-1,12,22
-1,12,22
-1,12,22
-1,12,22
-1,12,22
-1,12,22
-1,12,22
-1,12,22
-1,12,22
-1,12,22
-1,12,22
-1,12,22
-1,12,22
-1,12,22
-1,12,22
-1,12,22
-1,12,22
-1,12,22
-1,12,22
-1,12,22
-1,12,22
-1,12,22
-1,12,22
-1,12,22
-1,12,22
-1,12,22
-1,12,22
-1,12,22
-1,89,92
-1,89,92
-1,89,92
-1,89,91
-1,90,91
-1,90,91
-1,90,90
-1,90,90
-1,91,90
-1,91,89
-1,91,89
-1,91,89
-1,91,88
-1,92,88
-1,92,87
-1,92,87
-1,92,87
-1,93,86
-1,93,86
-1,93,86
-1,93,85
-1,93,85
-1,94,85
-1,94,84
-1,94,84
-1,94,84
-1,95,83
-1,95,83
-1,95,83
-1,95,82
-1,95,82
-1,96,81
-1,96,81
-1,96,81
-1,96,80
-1,97,80
-1,97,80
-1,97,79
-1,97,79
-1,97,79
-1,98,78
-1,98,78
-1,98,78
-1,98,77
-1,99,77
-1,99,77
-1,99,76
-1,99,76
-1,99,75
-1,100,75
-1,100,75
-1,100,74
-1,100,74
-1,101,74
-1,101,73
-1,101,73
-1,101,73
-1,101,72
-1,102,72
-1,102,72
-1,102,71
-1,102,71
-1,103,71
-1,103,70
-1,103,70
-1,103,69
-1,103,69
-1,104,69
-1,104,68
-1,104,68
-1,104,68
-1,105,67
-1,105,67
-1,105,67
-1,105,66
-1,105,66
-1,106,66
-1,106,65
-1,106,65
-1,106,65
-1,107,64
-1,107,64
-1,107,64
-1,107,63
-1,107,63
-1,108,62
-1,108,62
-1,108,62
-1,108,61
-1,109,61
-1,109,61
-1,109,60
-1,109,60
-1,109,60
-1,110,59
-1,110,59
-1,110,59
-1,110,58
-1,111,58
-1,111,58
-1,111,57
-1,111,57
-1,111,56
-1,112,56
-1,112,56
-1,112,55
-1,112,55
-1,113,55
-1,113,54
-1,113,54
-1,113,54
-1,113,53
-1,114,53
-1,114,53
-1,114,52
-1,114,52
-1,115,52
-1,115,51
-1,115,51
-1,115,50
-1,115,50
-1,116,50
-1,116,49
-1,116,49
-1,116,49
-1,117,48
-1,117,48
-1,117,48
-1,117,47
-1,117,47
-1,118,47
-1,118,46
-1,118,46
-1,118,46
-1,119,45
-1,119,45
-1,119,44
-1,119,44
-1,119,44
-1,120,43
-1,120,43
-1,120,43
-1,120,42
-1,121,42
-1,121,42
-1,121,41
-1,121,41
-1,121,41
-1,122,40
-1,122,40
-1,122,40
-1,122,39
-1,123,39
-1,123,38
-1,123,38
-1,123,38
-1,123,37
-1,124,37
-1,124,37
-1,124,36
-1,124,36
-1,125,36
-1,125,35
-1,125,35
-1,125,35
-1,125,34
-1,126,34
-1,126,34
-1,126,33
-1,126,33
-1,127,32
-1,127,32
-1,127,32
-1,127,31
-1,127,31
-1,128,31
-1,128,30
-1,128,30
-1,128,30
-1,129,29
-1,129,29
-1,129,29
-1,129,28
-1,129,28
-1,130,28
-1,130,27
-1,130,27
-1,130,26
-1,131,26
-1,131,26
-1,131,25
-1,131,25
-1,131,25
-1,132,24
-1,132,24
-1,132,24
-1,132,23
-1,133,23
-1,133,23
-1,133,22
-1,133,22
-1,133,22
-1,134,21
-1,134,21
-1,134,20
-1,134,20
-1,135,20
-1,135,19
-1,135,19
-1,135,19
-1,135,18
-1,136,18
-1,136,18
-1,136,17
-1,136,17
-1,137,17
-1,137,16
-1,137,16
-1,137,16
-1,137,15
-1,138,15
-1,138,14
-1,138,14
-1,138,14
-1,139,13
-1,139,13
-1,139,13
-1,139,12
-1,139,12
-1,140,12
-1,140,11
-1,140,11
-1,140,11
-1,141,10
-1,141,10
-1,141,10
-1,141,9
-1,141,9
-1,142,8
-1,142,8
-1,142,8
-1,142,7
-1,143,7
-1,143,7
-1,143,6
-1,143,6
-1,143,6
-1,144,5
-1,144,5
-1,144,5
-1,144,4
-1,145,4
-1,145,4
-1,145,3
-1,145,3
-1,145,2
-1,146,2
-1,146,2
-1,146,1
-1,146,1
-1,147,1
-1,147,0
-1,147,0
-1,147,0
-1,147,0
-1,147,0
-1,147,0
-1,147,0
-1,147,0
-1,147,0
-1,147,0
-1,147,0
-1,147,0
-1,147,0
-1,147,0
-1,147,0
-1,147,0
-1,147,0
-1,147,0
-1,147,0
-1,147,0
-1,147,0
-1,147,0
-1,147,0
-1,147,0
-1,147,0
-1,147,0
-1,147,0
-1,147,0
-1,147,0
-1,147,0
-1,147,0
-1,147,0
-1,147,0
-1,147,0
-1,147,0
-1,147,0
-1,147,0
-1,147,0
-1,147,0
-1,147,0
-1,147,0
-1,147,0
-1,147,0
-1,147,0
-1,147,0
-1,147,0
-1,147,0
-1,147,0
-1,147,0
-1,147,0
-1,147,0
-1,147,0
-1,147,0
-1,147,0
-1,147,0
-1,147,0
-1,147,0
-1,147,0
-1,147,0
-1,147,0
-1,147,0
-1,147,0
-1,147,0
-1,147,0
-1,147,0
-1,147,0
-1,147,0
-1,147,0
-1,147,0
-1,147,0
-1,147,0
-1,147,0
-1,147,0
-1,147,0
-1,147,0
-1,147,0
-1,147,0
-1,147,0
-1,147,0
-1,147,0
-1,147,0
-1,147,0
-1,147,0
-1,147,0
-1,147,0
-1,147,0
-1,147,0
-1,147,0
-1,147,0
-1,147,0
-1,147,0
-1,147,0
-1,147,0
-1,147,0
-1,147,0
-1,147,0
-1,147,0
-1,147,0
-1,147,0
-1,147,0
-1,147,0
-1,147,0
-1,147,0
-1,147,0
-1,147,0
-1,147,0
-1,147,0
-1,147,0
-1,147,0
-1,147,0
-1,147,0
-1,147,0
-1,147,0
-1,147,0
-1,147,0
-1,147,0
-1,147,0
-1,147,0
-1,147,0
-1,147,0
-1,147,0
-1,147,0
-1,147,0
-1,147,0
-1,147,0
-1,147,0
-1,147,0
-1,147,0
-1,147,0
-1,147,0
-1,147,0
-1,147,0
-1,147,0
-1,147,0
-1,147,0
-1,147,0
-1,147,0
-1,147,0
-1,147,0
-1,147,0
-1,147,0
#
