OPENBVE
#ACCELERATION
0.65,0.21,8,35,1
1,0.47,13,56,1
1.48,0.76,22,76,1
1.5,0.67,29,85,1
1.7,0.71,39,90,0.9
1.8,0.83,59,100,0.9
1.7,0.71,39,90,0.9
1.8,0.83,59,100,0.9
#PERFORMANCE
3              ; Deceleration
5              ; CoefficientOfStaticFriction
0              ; Reserved (not used)
0.0025         ; CoefficientOfRollingResistance
1.2            ; AerodynamicDragCoefficient
#DELAY
0.1            ; DelayPowerUp
0.1            ; DelayPowerDown
0.1            ; DelayBrakeUp
0.1            ; DelayBrakeDown
#MOVE
30             ; JerkPowerUp
40             ; JerkPowerDown
125            ; JerkBrakeUp
125            ; JerkBrakeDown
110            ; BrakeCylinderUp
100            ; BrakeCylinderDown
#BRAKE
1              ; BrakeType
0              ; BrakeControlSystem
20             ; BrakeControlSpeed
#PRESSURE
440            ; BrakeCylinderServiceMaximumPressure
470            ; BrakeCylinderEmergencyMaximumPressure
850            ; MainReservoirMinimumPressure
1000           ; MainReservoirMaximumPressure
755            ; BrakePipeNormalPressure
#HANDLE
0              ; HandleType
8              ; PowerNotches
8              ; BrakeNotches
0              ; PowerNotchReduceSteps
#CAB
700            ; X
2800           ; Y
-4000          ; Z
#CAR
66             ; MotorCarMass
1              ; NumberOfLocomotive
48             ; TrailerCarMass
10             ; NumberOfCarriage
23.9           ; LengthOfACar
1              ; FrontCarIsAMotorCar
2.6            ; WidthOfACar
3.2            ; HeightOfACar
1.5            ; CenterOfGravityHeight
5              ; ExposedFrontalArea
1.6            ; UnexposedFrontalArea
#DEVICE
0              ; Ats
0              ; Atc
0              ; Eb
0              ; ConstSpeed
0              ; HoldBrake
0              ; ReAdhesionDevice
0              ; LoadCompensatingDevice (not used)
0              ; PassAlarm
0              ; DoorOpenMode
0              ; DoorCloseMode
#MOTOR_P1
1,100,120
1,100,120
1,100,120
1,100,120
1,100,120
1,100,120
1,100,120
1,100,120
1,100,120
1,100,120
1,100,120
1,100,120
1,100,120
1,100,120
1,100,120
1,100,120
1,100,120
1,100,120
1,100,120
1,100,120
1,100,120
1,100,120
1,100,120
1,100,120
1,100,120
1,100,120
1,100,120
1,100,120
1,100,120
1,100,120
1,100,120
1,100,120
1,100,120
1,100,120
1,100,120
1,100,120
1,100,120
1,100,120
1,100,120
1,100,120
1,100,120
1,100,120
1,100,120
1,100,120
1,100,120
1,100,120
1,100,120
1,100,120
1,100,120
1,100,120
2,100,120
2,100,121
2,100,122
2,100,122
2,100,123
2,100,123
2,100,124
2,100,125
2,100,125
2,100,126
2,100,126
2,100,127
2,100,127
2,100,127
2,100,127
2,100,127
2,100,127
2,100,127
2,100,127
2,100,127
2,100,127
2,100,127
2,100,127
2,100,127
2,100,127
2,100,127
2,100,127
2,100,127
2,100,127
2,100,127
2,100,127
2,100,127
2,100,127
2,100,127
2,100,127
2,100,127
2,100,127
2,100,127
2,100,127
2,100,127
2,100,127
2,100,127
2,100,127
2,100,127
2,100,127
2,100,127
2,100,127
2,100,127
2,100,127
2,100,127
2,100,127
2,100,127
2,100,127
2,100,127
2,100,127
2,100,127
2,100,127
2,100,127
2,100,127
2,100,127
2,100,127
2,100,127
2,100,127
2,100,127
2,100,127
2,100,127
2,100,127
2,100,127
2,100,127
2,100,127
2,100,127
2,100,127
2,100,127
2,100,127
2,100,127
2,100,127
2,100,127
2,100,127
2,100,127
2,100,127
2,100,127
2,100,127
2,100,127
2,100,127
2,100,127
2,100,127
2,100,127
2,100,127
2,100,127
2,100,127
2,100,127
2,100,127
2,100,127
2,100,127
2,100,127
2,100,127
2,100,127
2,100,127
2,100,127
2,100,127
2,100,127
2,100,127
2,100,127
2,100,127
2,100,127
2,100,127
2,100,127
2,100,127
2,100,127
2,100,127
2,100,127
2,100,127
2,100,127
2,100,127
2,100,127
2,100,127
2,100,127
2,100,127
2,100,127
2,100,127
2,100,127
2,100,122
2,100,117
2,100,112
2,100,106
2,100,101
2,100,96
2,100,91
2,100,86
2,100,81
2,100,76
2,100,70
2,100,65
2,100,60
2,100,55
2,100,50
2,100,45
2,100,40
2,100,35
1,100,29
#MOTOR_P2
1,100,118
1,100,118
1,100,118
1,100,118
1,100,118
1,100,118
1,100,118
1,100,118
1,100,118
1,100,118
1,100,118
1,100,118
1,100,118
1,100,118
1,100,118
1,100,118
1,100,118
1,100,118
1,100,118
1,100,118
1,100,118
1,100,118
1,100,118
1,100,118
1,100,118
1,100,118
1,100,118
1,100,118
1,100,118
1,100,118
1,100,118
1,100,118
1,100,118
0,100,118
0,100,118
0,100,118
0,100,118
0,100,118
0,100,118
0,100,118
0,100,118
0,100,118
0,100,118
0,100,118
0,100,118
0,100,118
0,100,118
0,100,118
0,100,118
0,100,118
0,100,118
0,100,118
0,100,118
0,100,118
0,100,118
0,100,118
0,100,118
0,100,118
0,100,118
0,100,118
0,100,118
0,100,118
0,100,118
0,100,118
0,100,118
0,100,118
0,100,118
0,100,116
0,100,115
0,100,113
0,100,111
0,100,109
0,100,108
0,100,106
0,100,104
0,100,103
0,100,101
0,100,99
0,100,97
0,100,96
0,100,94
0,100,92
1,100,91
1,100,89
1,100,87
1,100,85
1,100,84
1,100,82
1,100,80
1,100,78
1,100,77
1,100,75
1,100,73
1,100,72
1,100,70
1,100,68
1,100,66
1,100,65
1,100,63
1,100,61
1,100,60
1,100,58
1,100,56
1,100,54
1,100,53
1,100,51
1,100,100
1,100,100
1,100,100
1,100,100
1,100,100
1,100,100
1,100,100
1,100,100
1,100,100
1,100,100
1,100,100
1,100,100
1,100,100
1,100,100
1,100,100
1,100,100
1,100,100
1,100,100
1,100,100
1,100,100
1,100,100
1,100,100
1,100,100
1,100,100
1,100,100
1,100,100
1,100,100
1,100,100
1,100,100
1,100,100
1,100,100
1,100,100
1,100,100
1,100,100
1,100,100
1,100,100
1,100,100
1,100,100
1,100,100
1,100,100
1,100,100
1,100,100
1,100,100
1,100,100
1,100,100
1,100,100
1,100,100
1,100,100
1,100,100
1,100,100
1,100,100
1,100,100
1,100,16
1,100,20
1,100,23
1,100,27
1,100,30
1,100,34
1,100,38
1,100,41
1,100,45
4,100,48
4,100,52
4,100,55
4,100,59
4,100,63
4,100,66
4,100,70
4,100,73
4,100,77
4,100,81
4,100,84
4,100,88
4,100,91
4,100,95
4,100,98
4,100,102
4,100,106
4,100,109
4,100,113
4,100,116
4,100,120
4,100,123
4,100,127
4,100,127
4,100,127
4,100,127
4,100,127
4,100,127
4,100,127
4,100,127
4,100,127
4,100,127
4,100,127
4,100,127
4,100,127
4,100,127
4,100,127
4,100,127
4,100,127
4,100,127
4,100,127
4,100,127
4,100,127
4,100,127
4,100,127
4,100,127
4,100,127
4,100,127
4,100,127
4,100,127
4,100,127
4,100,127
4,100,127
4,100,127
4,100,127
4,100,127
4,100,127
4,100,127
4,100,127
4,100,127
4,100,127
4,100,127
4,100,127
4,100,127
4,100,127
4,100,127
4,100,127
4,100,127
4,100,127
4,100,127
4,100,127
4,100,127
4,100,127
4,100,127
4,100,127
4,100,127
4,100,127
4,100,127
4,100,127
4,100,127
4,100,127
4,100,127
4,100,127
4,100,127
4,100,127
4,100,127
4,100,127
4,100,127
4,100,127
4,100,127
4,100,127
4,100,127
4,100,127
4,100,127
4,100,127
4,100,127
4,100,127
4,100,127
4,100,127
4,100,127
4,100,127
4,100,127
4,100,127
4,100,127
4,100,127
4,100,127
4,100,127
4,100,127
4,100,127
4,100,127
4,100,127
4,100,127
4,100,127
4,100,127
4,100,127
4,100,127
4,100,127
4,100,127
4,100,127
4,100,127
4,100,127
4,100,127
4,100,127
4,100,127
4,100,127
4,100,127
4,100,127
4,100,127
4,100,127
4,100,127
4,100,127
4,100,127
4,100,127
4,100,127
4,100,127
4,100,127
4,100,127
4,100,127
4,100,127
4,100,127
4,100,127
4,100,127
4,100,127
4,100,127
4,100,127
4,100,127
4,100,127
4,100,127
4,100,127
4,100,127
4,100,127
4,100,127
4,100,127
4,100,127
4,100,127
4,100,127
4,100,127
4,100,127
4,100,127
4,100,127
4,100,127
4,100,127
4,100,127
4,100,127
4,100,127
4,100,127
4,100,127
4,100,127
4,100,127
4,100,127
4,100,127
4,100,127
4,100,127
4,100,127
4,100,127
4,100,127
4,100,127
4,100,127
4,100,127
4,100,127
4,100,127
4,100,127
4,100,127
4,100,127
4,100,127
4,100,127
4,100,127
4,100,127
4,100,127
4,100,127
4,100,127
4,100,127
4,100,127
4,100,127
4,100,127
4,100,127
4,100,127
4,100,127
4,100,127
4,100,127
4,100,127
4,100,127
4,100,127
4,100,127
4,100,127
4,100,127
4,100,127
4,100,127
4,100,127
4,100,127
4,100,127
4,100,127
4,100,127
4,100,127
4,100,127
4,100,127
4,100,127
4,100,127
4,100,127
4,100,127
4,100,127
4,100,127
4,100,127
4,100,127
4,100,127
4,100,127
4,100,127
4,100,127
4,100,127
4,100,127
4,100,127
4,100,127
4,100,127
4,100,127
4,100,127
4,100,127
4,100,127
4,100,127
4,100,127
4,100,127
4,100,127
4,100,127
4,100,127
4,100,127
4,100,127
4,100,127
4,100,127
4,100,127
4,100,127
4,100,127
4,100,127
4,100,127
4,100,127
4,100,127
4,100,127
4,100,127
4,100,127
4,100,127
4,100,127
4,100,127
4,100,127
4,100,127
4,100,127
4,100,127
4,100,127
4,100,127
4,100,127
4,100,127
4,100,127
4,100,127
4,100,127
4,100,127
4,100,127
4,100,127
4,100,127
4,100,127
4,100,127
4,100,127
4,100,127
4,100,127
4,100,127
4,100,127
4,100,127
4,100,127
4,100,127
4,100,127
4,100,127
4,100,127
4,100,127
4,100,127
4,100,127
4,100,127
4,100,127
4,100,127
4,100,127
4,100,127
4,100,127
4,100,127
4,100,127
4,100,127
4,100,127
4,100,127
4,100,127
4,100,127
4,100,127
4,100,127
4,100,127
4,100,127
4,100,127
4,100,127
4,100,127
4,100,127
4,100,127
4,100,127
4,100,127
4,100,127
4,100,127
4,100,127
4,100,127
4,100,127
4,100,127
4,100,127
4,100,127
4,100,127
4,100,127
4,100,127
4,100,127
4,100,127
4,100,127
4,100,127
4,100,127
4,100,127
4,100,127
4,100,127
4,100,127
4,100,127
4,100,127
4,100,127
4,100,127
4,100,127
4,100,127
4,100,127
4,100,127
4,100,127
4,100,127
4,100,127
4,100,127
4,100,127
4,100,127
4,100,127
4,100,127
4,100,127
4,100,127
4,100,127
4,100,127
4,100,127
4,100,127
4,100,127
4,100,127
4,100,127
4,100,127
4,100,127
4,100,127
4,100,127
4,100,127
4,100,127
4,100,127
4,100,127
4,100,127
4,100,127
4,100,127
4,100,127
4,100,127
4,100,127
4,100,127
4,100,127
4,100,127
4,100,127
4,100,127
4,100,127
4,100,127
4,100,127
4,100,127
4,100,127
4,100,127
4,100,127
4,100,127
4,100,127
4,100,127
4,100,127
4,100,127
4,100,127
4,100,127
4,100,127
4,100,127
4,100,127
4,100,127
4,100,127
4,100,127
4,100,127
4,100,127
4,100,127
4,100,127
4,100,127
4,100,127
4,100,127
4,100,127
4,100,127
4,100,127
4,100,127
4,100,127
4,100,127
4,100,127
4,100,127
4,100,127
4,100,127
4,100,127
4,100,127
4,100,127
4,100,127
4,100,127
4,100,127
4,100,127
4,100,127
4,100,127
4,100,127
4,100,127
4,100,127
4,100,127
4,100,127
4,100,127
4,100,127
4,100,127
4,100,127
4,100,127
4,100,127
4,100,127
4,100,127
4,100,127
4,100,127
4,100,127
4,100,127
4,100,127
4,100,127
4,100,127
4,100,127
4,100,127
4,100,127
4,100,127
4,100,127
4,100,127
4,100,127
4,100,127
4,100,127
4,100,127
4,100,127
4,100,127
4,100,127
4,100,127
4,100,127
4,100,127
4,100,127
4,100,127
4,100,127
4,100,127
4,100,127
4,100,127
4,100,127
4,100,127
4,100,127
4,100,127
4,100,127
4,100,127
4,100,127
4,100,127
4,100,127
4,100,127
4,100,127
4,100,127
4,100,127
4,100,127
4,100,127
4,100,127
4,100,127
4,100,127
4,100,127
4,100,127
4,100,127
4,100,127
4,100,127
4,100,127
4,100,127
4,100,127
4,100,127
4,100,127
4,100,127
4,100,127
4,100,127
4,100,127
4,100,127
4,100,127
4,100,127
4,100,127
4,100,127
4,100,127
4,100,127
4,100,127
4,100,127
4,100,127
4,100,127
4,100,127
4,100,127
4,100,127
4,100,127
4,100,127
4,100,127
4,100,127
4,100,127
4,100,127
4,100,127
4,100,127
4,100,127
4,100,127
4,100,127
4,100,127
4,100,127
4,100,127
4,100,127
4,100,127
4,100,127
4,100,127
4,100,127
4,100,127
4,100,127
4,100,127
4,100,127
4,100,127
4,100,127
4,100,127
4,100,127
4,100,127
4,100,127
4,100,127
4,100,127
4,100,127
4,100,127
4,100,127
4,100,127
4,100,127
4,100,127
4,100,127
4,100,127
4,100,127
4,100,127
4,100,127
4,100,127
4,100,127
4,100,127
4,100,127
4,100,127
4,100,127
4,100,127
4,100,127
4,100,127
4,100,127
4,100,127
4,100,127
4,100,127
4,100,127
4,100,127
4,100,127
4,100,127
4,100,127
4,100,127
4,100,127
4,100,127
4,100,127
4,100,127
4,100,127
4,100,127
4,100,127
4,100,127
4,100,127
4,100,127
4,100,127
4,100,127
4,100,127
4,100,127
4,100,127
4,100,127
4,100,127
4,100,127
4,100,127
4,100,127
4,100,127
4,100,127
4,100,127
4,100,127
4,100,127
4,100,127
4,100,127
4,100,127
4,100,127
4,100,127
4,100,127
4,100,127
4,100,127
4,100,127
4,100,127
4,100,127
4,100,127
4,100,127
4,100,127
4,100,127
4,100,127
4,100,127
4,100,127
4,100,127
4,100,127
4,100,127
4,100,127
4,100,127
4,100,127
4,100,127
4,100,127
4,100,127
4,100,127
4,100,127
4,100,127
4,100,122
1,100,122
#MOTOR_B1
6,100,0
6,100,8
6,100,21
6,100,34
6,100,48
6,100,61
6,100,74
6,100,87
6,100,101
6,100,114
6,100,127
6,100,127
6,100,127
6,100,127
6,100,127
6,100,127
6,100,127
6,100,127
6,100,127
6,100,127
6,100,127
6,100,127
6,100,127
6,100,127
6,100,127
6,100,127
6,100,127
6,100,127
6,100,127
6,100,127
6,100,127
6,100,127
6,100,127
6,100,127
6,100,127
6,100,122
6,100,116
6,100,109
6,100,103
6,100,97
6,100,91
6,100,84
6,100,78
6,100,72
6,100,66
6,100,59
6,100,53
6,100,47
6,100,100
6,100,100
1,100,100
#MOTOR_B2
5,84,0
5,84,0
5,84,0
5,84,0
5,84,0
5,85,0
5,85,0
5,85,0
5,85,0
5,85,0
5,85,0
5,85,1
5,85,1
5,86,1
5,86,1
5,86,1
5,86,1
5,86,1
5,86,1
5,86,1
5,87,2
5,87,4
5,87,5
5,87,7
5,87,8
5,87,9
5,87,11
5,88,12
5,88,14
5,88,15
5,88,16
5,88,18
5,88,19
5,88,21
5,88,22
5,88,23
5,89,25
5,89,26
5,89,27
5,89,29
5,89,30
5,89,32
5,89,33
5,89,36
5,89,37
5,90,37
5,90,38
5,90,38
5,90,39
5,90,39
5,90,40
5,90,40
5,90,41
5,91,41
5,91,42
5,91,42
5,91,43
5,91,43
5,91,44
5,91,44
5,91,45
5,92,45
5,92,46
5,92,46
5,92,47
5,92,47
5,92,48
5,92,48
5,92,49
5,93,49
5,93,50
5,93,50
5,93,51
5,93,51
5,93,52
5,93,52
5,93,53
5,94,53
5,94,54
5,94,54
5,94,55
5,94,55
5,94,56
5,94,56
5,94,57
5,94,57
5,94,58
5,94,58
5,94,59
5,94,59
5,94,60
5,94,60
5,94,61
5,94,61
5,94,61
5,95,61
5,95,61
5,95,62
5,95,62
5,95,62
5,95,62
5,95,62
5,95,62
5,95,63
5,95,63
5,95,63
5,95,63
5,95,63
5,95,63
5,95,64
5,95,64
5,95,64
5,95,64
5,95,64
5,95,64
5,95,64
5,95,65
5,95,65
5,95,65
5,96,65
5,96,65
5,96,65
5,96,66
5,96,66
5,96,66
5,96,66
5,96,66
5,96,66
5,96,66
5,96,67
5,96,67
5,96,67
5,96,67
5,96,67
5,96,67
5,96,68
5,96,68
5,96,68
5,96,68
5,96,68
5,96,68
5,96,68
5,96,68
5,97,68
5,97,68
5,97,68
5,97,69
5,97,69
5,97,69
5,97,69
5,97,69
5,97,69
5,97,69
5,97,69
5,97,69
5,97,69
5,97,69
5,97,69
5,97,69
5,97,69
5,97,70
5,97,70
5,97,70
5,97,70
5,97,70
5,97,70
5,97,70
5,98,70
5,98,70
5,98,70
5,98,70
5,98,70
5,98,70
5,98,70
5,98,70
5,98,71
5,98,71
5,98,71
5,98,71
5,98,71
5,98,71
5,98,71
5,98,71
5,98,71
5,98,71
5,98,71
5,98,71
5,98,71
5,98,71
5,98,72
5,98,72
5,98,72
5,99,72
5,99,72
5,99,72
5,99,72
5,99,72
5,99,72
5,99,72
5,99,72
5,99,72
5,99,72
5,99,72
5,99,72
5,99,73
5,99,73
5,99,73
5,99,73
5,99,73
5,99,73
5,99,73
5,99,73
5,99,73
5,99,73
5,99,73
5,99,73
5,100,73
5,100,73
5,100,74
5,100,74
5,100,74
5,100,74
5,100,74
5,100,74
5,100,74
5,100,74
5,100,74
5,100,74
5,100,74
5,100,74
5,100,74
5,100,74
5,100,74
5,100,75
5,100,75
5,100,75
5,100,75
5,100,75
5,100,75
5,100,75
5,101,75
5,101,75
5,101,75
5,101,75
5,101,75
5,101,75
5,101,75
5,101,76
5,101,76
5,101,76
5,101,76
5,101,76
5,101,76
5,101,76
5,101,76
5,101,76
5,101,76
5,101,76
5,101,76
5,101,76
5,101,76
5,101,77
5,101,77
5,101,77
5,101,77
5,101,77
5,101,77
5,101,77
5,101,77
5,101,77
5,101,77
5,101,77
5,101,77
5,101,77
5,101,77
5,101,77
5,101,78
5,101,78
5,101,78
5,101,78
5,101,78
5,101,78
5,101,78
5,101,78
5,101,78
5,101,78
5,101,78
5,101,78
5,101,78
5,101,78
5,101,79
5,101,79
5,101,79
5,101,79
5,101,79
5,101,79
5,101,79
5,101,79
5,101,79
5,101,79
5,101,79
5,101,79
5,101,79
5,101,79
5,101,79
5,101,80
5,101,80
5,101,80
5,101,80
5,101,80
5,101,80
5,101,80
5,101,80
5,101,80
5,101,80
5,101,80
5,101,80
5,101,80
5,101,80
5,102,81
5,102,81
5,102,81
5,102,81
5,102,81
5,102,81
5,102,81
5,102,81
5,102,81
5,102,81
5,102,81
5,102,81
5,102,81
5,102,81
5,102,81
5,102,82
5,102,82
5,102,82
5,102,82
5,102,82
5,102,82
5,102,82
5,102,82
5,102,82
5,102,82
5,102,82
5,102,82
5,102,82
5,102,82
5,102,83
5,102,83
5,102,83
5,102,83
5,102,83
5,102,83
5,102,83
5,102,83
5,102,83
5,102,83
5,102,83
5,102,83
5,102,83
5,102,83
5,102,83
5,102,83
5,102,84
5,102,84
5,102,84
5,102,84
5,102,84
5,102,84
5,102,84
5,102,84
5,102,84
5,102,84
5,102,84
5,102,84
5,102,84
5,102,84
5,102,84
5,102,84
5,102,84
5,102,84
5,103,85
5,103,85
5,103,85
5,103,85
5,103,85
5,103,85
5,103,85
5,103,85
5,103,85
5,103,85
5,103,85
5,103,85
5,103,85
5,103,85
5,103,85
5,103,85
5,103,85
5,103,85
5,103,85
5,103,86
5,103,86
5,103,86
5,103,86
5,103,86
5,103,86
5,103,86
5,103,86
5,103,86
5,103,86
5,103,86
5,103,86
5,103,86
5,103,86
5,103,86
5,103,86
5,103,86
5,103,86
5,103,87
5,103,87
5,103,87
5,103,87
5,103,87
5,103,87
5,103,87
5,103,87
5,103,87
5,103,87
5,103,87
5,103,87
5,103,87
5,103,87
5,103,87
5,103,87
5,103,87
5,103,87
5,103,87
5,103,88
5,103,88
5,103,88
5,103,88
5,103,88
5,103,88
5,103,88
5,103,88
5,103,88
5,103,88
5,103,88
5,103,88
5,103,88
5,103,88
5,103,88
5,103,88
5,103,88
5,103,88
5,103,89
5,103,89
5,103,89
5,103,89
5,103,89
5,103,89
5,103,89
5,103,89
5,103,89
5,103,89
5,103,89
5,103,89
5,103,89
5,103,89
5,103,89
5,103,89
5,103,89
5,103,89
5,103,89
5,103,90
5,103,90
5,103,90
5,103,90
5,103,90
5,103,90
5,103,90
5,103,90
5,103,90
5,103,90
5,103,90
5,103,90
5,103,90
5,103,90
5,103,90
5,103,90
5,103,90
5,103,90
5,103,90
5,103,91
5,103,91
5,103,91
5,103,91
5,103,91
5,103,91
5,103,91
5,103,91
5,103,91
5,103,91
5,103,91
5,103,91
5,103,91
5,103,91
5,103,91
5,103,91
5,103,91
5,103,91
5,103,92
5,103,92
5,103,92
5,103,92
5,103,92
5,103,92
5,103,92
5,103,92
5,103,92
5,103,92
5,103,92
5,103,92
5,103,92
5,103,92
5,103,92
5,103,92
5,103,92
5,103,92
5,103,92
5,103,93
5,103,93
5,103,93
5,103,93
5,103,93
5,103,93
5,103,93
5,103,93
5,103,93
5,103,93
5,103,93
5,103,93
5,103,93
5,103,93
5,103,93
5,103,93
5,103,93
5,103,93
5,103,94
5,103,94
5,103,94
5,103,94
5,103,94
5,103,94
5,103,94
5,103,94
5,103,94
5,103,94
5,103,94
5,103,94
5,103,94
5,103,94
5,103,94
5,103,94
5,103,94
5,103,94
5,103,94
5,103,95
5,103,95
5,103,95
5,103,95
5,103,95
5,103,95
5,103,95
5,103,95
5,103,95
5,103,95
5,103,95
5,103,95
5,103,95
5,103,95
5,103,95
5,103,95
5,103,95
5,103,95
5,103,96
5,103,96
5,103,96
5,103,96
5,103,96
5,103,96
5,103,96
5,103,96
5,103,96
5,103,96
5,103,97
5,103,97
5,103,97
5,103,97
5,103,97
5,103,97
5,103,97
5,103,97
5,103,97
5,103,97
5,103,97
5,103,97
5,103,97
5,103,97
5,103,97
5,103,97
5,103,97
5,103,97
5,103,97
5,103,97
5,103,97
5,103,97
5,103,97
5,103,97
5,103,97
5,103,97
5,103,97
5,103,97
5,103,97
5,103,97
5,103,97
5,103,97
5,103,97
5,103,97
5,103,97
5,103,97
5,103,97
5,103,97
5,103,97
5,103,97
5,103,97
5,103,97
5,103,97
5,103,97
5,103,97
5,103,97
5,103,97
5,103,97
5,103,97
5,103,97
5,103,97
5,103,97
5,103,97
5,103,97
5,103,97
5,103,97
5,103,97
5,103,97
5,103,98
5,103,98
5,103,98
5,103,98
5,103,98
5,103,98
5,103,98
5,103,98
5,103,98
5,103,98
5,103,98
5,103,98
5,103,98
5,103,98
5,103,98
5,103,98
5,103,98
5,103,98
5,103,98
5,103,98
5,103,98
5,103,98
5,103,98
5,103,98
5,103,98
5,103,98
5,103,98
5,103,98
5,103,98
5,103,98
5,103,98
5,103,98
5,103,98
5,103,98
5,103,98
5,103,98
5,103,98
5,103,98
5,103,98
5,103,98
5,103,98
5,103,98
5,103,98
5,103,98
5,103,98
5,103,98
5,103,98
5,103,98
5,103,98
5,103,98
5,103,98
5,103,98
5,103,98
5,103,98
5,103,98
5,103,98
5,103,98
5,103,98
5,103,98
5,103,98
5,103,98
5,103,98
5,103,98
5,103,98
5,103,98
5,103,98
5,103,98
5,103,98
5,103,98
5,103,98
5,103,98
5,103,98
5,103,98
5,103,98
5,103,98
5,103,98
5,103,98
5,103,98
5,103,98
5,103,98
5,103,98
5,103,98
5,103,98
5,103,98
5,103,98
5,103,98
5,103,98
5,103,98
5,103,98
5,103,98
5,103,98
5,103,98
5,103,98
5,103,98
5,103,98
5,103,98
5,103,98
5,103,99
5,103,99
5,103,99
5,103,99
5,103,99
5,103,99
5,103,99
5,103,99
5,103,99
5,103,99
5,103,99
5,103,99
5,103,99
5,103,99
5,103,99
5,103,99
5,103,99
5,103,99
5,103,99
5,103,99
5,103,99
5,103,99
5,103,99
5,103,99
5,103,99
5,103,99
5,103,99
5,103,99
5,103,99
5,103,99
5,103,99
5,103,99
5,103,99
5,103,99
5,103,99
5,103,99
5,103,99
5,103,99
5,103,99
5,103,99
5,103,99
5,103,99
5,103,99
5,103,99
5,103,99
5,103,99
5,103,99
5,103,99
5,180,99
