OPENBVE
#ACCELERATION
0.85,0.6,8,11,4
1.26,1.1,14,18,4
1.6,1.2,26,30,4
1.7,0.8,48,50,4
#PERFORMANCE
5.4            ; Deceleration
0.35           ; CoefficientOfStaticFriction
0              ; Reserved (not used)
0.0025         ; CoefficientOfRollingResistance
1.2            ; AerodynamicDragCoefficient
#DELAY
1              ; DelayPowerUp
1              ; DelayPowerDown
0.5            ; DelayBrakeUp
0              ; DelayBrakeDown
#MOVE
500            ; JerkPowerUp
3000           ; JerkPowerDown
3000           ; JerkBrakeUp
3000           ; JerkBrakeDown
294            ; BrakeCylinderUp
490            ; BrakeCylinderDown
#BRAKE
1              ; BrakeType
1              ; BrakeControlSystem
20             ; BrakeControlSpeed
#PRESSURE
620            ; BrakeCylinderServiceMaximumPressure
690            ; BrakeCylinderEmergencyMaximumPressure
206            ; MainReservoirMinimumPressure
690            ; MainReservoirMaximumPressure
327            ; BrakePipeNormalPressure
#HANDLE
0              ; HandleType
4              ; PowerNotches
6              ; BrakeNotches
0              ; PowerNotchReduceSteps
#CAB
400            ; X
2050           ; Y
-3450          ; Z
0              ; DriverCar
#CAR
7              ; MotorCarMass
1              ; NumberOfMotorCars
3              ; TrailerCarMass
2              ; NumberOfTrailerCars
6.6            ; LengthOfACar
1              ; FrontCarIsAMotorCar
1.8            ; WidthOfACar
2.6            ; HeightOfACar
1.5            ; CenterOfGravityHeight
5              ; ExposedFrontalArea
1.6            ; UnexposedFrontalArea
#DEVICE
-1             ; Ats
0              ; Atc
0              ; Eb
0              ; ConstSpeed
0              ; HoldBrake
0              ; ReAdhesionDevice
0              ; Reserved (not used)
0              ; PassAlarm
0              ; DoorOpenMode
0              ; DoorCloseMode
#MOTOR_P1
0,79,127
0,79,127
0,79,127
0,79,127
0,79,127
0,79,127
0,79,127
0,80,127
0,80,127
0,80,127
0,80,127
0,80,127
0,80,127
0,80,127
0,80,127
0,80,127
0,80,127
0,80,127
0,80,127
0,80,127
0,81,127
0,81,127
0,81,127
0,81,127
0,81,127
0,81,127
0,81,127
0,81,127
0,81,127
0,81,127
0,81,127
0,81,127
0,81,127
0,82,127
0,82,127
0,82,127
0,82,127
0,82,127
0,82,127
0,82,127
0,82,127
0,82,127
0,82,127
0,82,127
0,82,127
0,82,127
0,82,127
0,83,127
0,83,127
0,83,127
0,83,127
0,83,127
0,83,127
0,83,127
0,83,127
0,83,127
0,83,127
0,83,127
0,83,127
0,83,127
0,84,127
0,84,127
0,84,127
0,84,127
0,84,127
0,84,127
0,84,127
0,84,127
0,84,127
0,84,127
0,84,127
0,84,127
0,84,127
0,85,127
1,85,127
1,85,127
1,85,127
1,85,127
1,85,127
1,85,127
1,85,127
1,85,127
1,85,127
1,85,126
1,85,126
1,85,126
1,86,126
1,86,126
1,86,126
1,86,126
1,86,126
1,86,126
1,86,126
1,86,126
1,86,126
1,86,126
1,86,126
1,86,126
1,86,126
1,87,126
1,87,126
1,87,126
1,87,126
1,87,126
1,87,126
1,87,126
1,87,126
1,87,126
1,87,126
1,87,126
1,87,126
1,87,126
1,88,126
1,88,126
1,88,126
1,88,126
1,88,126
1,88,126
1,88,126
1,88,126
1,88,126
1,88,125
1,88,125
1,88,125
1,88,125
1,89,125
1,89,125
1,89,125
1,89,125
1,89,125
1,89,125
1,89,125
1,89,125
1,89,125
1,89,125
1,89,125
1,89,125
1,89,125
1,90,125
1,90,125
1,90,125
1,90,125
1,90,125
1,90,125
1,90,125
1,90,125
1,90,125
1,90,125
1,90,125
1,90,125
1,90,125
2,90,125
2,91,125
2,91,125
2,91,125
2,91,125
2,91,125
2,91,125
2,91,125
2,91,125
2,91,124
2,91,124
2,91,124
2,91,124
2,91,124
2,92,124
2,92,124
2,92,124
2,92,124
2,92,124
2,92,124
2,92,124
2,92,124
2,92,124
2,92,124
2,92,124
2,92,124
2,92,124
2,92,124
2,92,124
2,92,124
2,92,124
2,92,124
2,92,124
2,92,124
2,92,124
2,92,124
2,92,124
2,92,124
2,92,124
2,92,124
2,92,124
2,92,124
2,92,124
2,92,124
2,92,124
2,92,124
2,92,124
2,92,124
2,92,123
2,92,123
2,92,123
2,92,123
2,92,123
2,92,123
2,92,123
2,92,123
2,92,123
2,92,123
2,92,123
2,92,123
2,92,123
2,92,123
2,92,123
2,92,123
2,92,123
2,92,123
2,92,123
2,92,123
2,92,123
2,93,123
2,93,123
2,93,123
2,93,123
2,93,123
2,93,123
2,93,123
2,93,123
2,93,123
2,93,123
2,93,123
2,93,123
2,93,123
2,93,123
2,93,123
2,93,123
2,93,123
2,93,122
2,93,122
2,93,122
2,93,122
2,93,122
2,93,122
2,93,122
2,93,122
2,93,122
2,93,122
2,93,122
2,93,122
2,93,122
2,93,122
2,93,122
2,93,122
2,93,122
2,93,122
2,93,122
2,93,122
2,93,122
2,93,122
2,93,122
3,93,122
3,93,122
3,93,122
3,93,122
3,93,122
3,93,122
3,93,122
3,93,122
3,93,122
3,93,122
3,93,122
3,93,122
3,93,122
3,93,122
3,93,122
3,93,122
3,93,121
3,93,121
3,93,121
3,93,121
3,93,121
3,93,121
3,93,121
3,93,121
3,93,121
3,93,121
3,93,121
3,93,121
3,93,121
3,93,121
3,93,121
3,93,121
3,93,121
3,93,121
3,93,121
3,93,121
3,93,121
3,93,121
3,93,121
3,93,121
3,93,121
3,93,121
3,93,121
3,93,121
3,93,121
3,93,121
3,94,121
3,94,121
3,94,121
3,94,121
3,94,121
3,94,121
3,94,121
3,94,121
3,94,120
3,94,120
3,94,120
3,94,120
3,94,120
3,94,120
3,94,120
3,94,120
3,94,120
3,94,120
3,94,120
3,94,120
3,94,120
3,94,120
3,94,120
3,94,120
3,94,120
3,94,120
3,94,120
3,94,120
3,94,120
3,94,120
3,94,120
3,94,120
3,94,120
3,94,120
3,94,120
3,94,120
3,94,120
3,94,120
3,94,120
3,94,120
3,94,120
3,94,120
3,94,120
3,94,119
3,94,119
3,94,119
3,94,119
3,94,119
3,94,119
3,94,119
3,94,119
3,94,119
3,94,119
3,94,119
3,94,119
3,94,119
3,94,119
3,94,119
3,94,119
3,94,119
3,94,119
3,94,119
3,94,119
3,94,119
3,94,119
3,94,119
3,94,119
3,94,119
3,94,119
3,94,119
3,94,119
3,94,119
3,94,119
3,94,119
3,94,119
3,94,119
3,94,119
3,94,119
3,94,118
3,94,118
3,94,118
3,94,118
3,94,118
3,94,118
3,94,118
3,94,118
3,95,118
3,95,118
3,95,118
3,95,118
3,95,118
4,95,118
4,95,118
4,95,118
4,95,118
4,95,118
4,95,118
4,95,118
4,95,118
4,95,118
4,95,118
4,95,118
4,95,118
4,95,118
4,95,118
4,95,118
4,95,118
4,95,118
4,95,118
4,95,118
4,95,118
4,95,118
4,95,118
4,95,117
4,95,117
4,95,117
4,95,117
4,95,117
4,95,117
4,95,117
4,95,117
4,95,117
4,95,117
4,95,117
4,95,117
4,95,117
4,95,117
4,95,117
4,95,117
4,95,117
4,95,117
4,95,117
4,95,117
4,95,117
4,95,117
4,95,117
4,95,117
4,95,117
4,95,117
4,95,117
4,95,117
4,95,117
4,95,117
4,95,117
4,95,117
4,95,117
4,95,117
4,95,117
4,95,117
4,95,116
4,95,116
4,95,116
4,95,116
4,95,116
4,95,116
4,95,116
4,95,116
4,95,116
4,95,116
4,95,116
4,95,116
4,95,116
4,95,116
4,95,116
4,95,116
4,95,116
4,96,116
4,96,116
4,96,116
4,96,116
4,96,116
4,96,116
4,96,116
4,96,116
4,96,116
4,96,116
4,96,116
4,96,116
4,96,116
4,96,116
4,96,116
4,96,116
4,96,116
4,96,116
4,96,115
4,96,115
4,96,115
4,96,115
4,96,115
4,96,115
4,96,115
4,96,115
4,96,115
4,96,115
4,96,115
4,96,115
4,96,115
4,96,115
4,96,115
4,96,115
4,96,115
4,96,115
4,96,115
4,96,115
4,96,115
4,96,115
4,96,115
4,96,115
4,96,115
4,96,115
4,96,115
4,96,115
4,96,115
4,96,115
4,96,115
4,96,115
4,96,115
4,96,115
4,96,115
4,96,114
4,96,114
4,96,114
4,96,114
4,96,114
4,96,114
4,96,114
4,96,114
4,96,114
4,96,114
4,96,114
4,96,114
4,96,114
4,96,114
4,96,114
4,96,114
4,96,114
4,96,114
4,96,114
4,96,114
4,96,114
4,96,114
4,96,114
4,96,114
4,96,114
4,96,114
4,96,114
4,96,114
4,96,114
4,96,114
4,96,114
4,96,114
4,96,114
4,96,114
4,96,114
4,96,114
4,96,114
4,96,114
4,96,114
4,97,114
4,97,114
4,97,114
4,97,114
4,97,114
4,97,114
4,97,114
4,97,114
4,97,114
4,97,114
4,97,114
4,97,114
4,97,114
4,97,114
4,97,114
4,97,114
4,97,114
4,97,114
4,97,114
4,97,114
4,97,115
4,97,115
4,97,115
4,97,115
4,97,115
4,97,115
4,97,115
4,97,115
4,97,115
4,97,115
4,97,115
4,97,115
4,97,115
4,97,115
4,97,115
4,97,115
4,97,115
4,97,115
4,97,115
4,97,115
4,97,115
4,97,115
4,97,115
4,97,115
4,97,115
4,97,115
4,97,115
4,97,115
4,97,115
4,97,115
4,97,115
4,97,115
4,97,115
4,97,115
4,97,115
4,97,115
4,97,115
4,97,115
4,97,115
4,97,115
4,97,115
4,97,115
4,97,115
4,97,115
4,97,115
4,97,115
4,97,115
4,97,115
4,97,115
4,97,115
4,97,115
4,97,115
4,97,115
4,97,115
4,97,115
4,97,115
4,97,115
4,97,115
4,97,115
4,97,115
4,97,115
4,97,115
4,97,115
4,97,115
4,97,115
4,97,115
4,97,115
4,97,115
4,97,115
4,97,115
4,97,115
4,97,115
4,97,115
4,98,115
4,98,115
4,98,115
4,98,115
4,98,115
4,98,115
4,98,115
4,98,115
4,98,115
4,98,115
4,98,115
4,98,115
4,98,115
4,98,115
4,98,115
4,98,115
4,98,115
4,98,115
4,98,115
4,98,115
4,98,115
4,98,115
4,98,115
4,98,115
4,98,115
4,98,115
4,98,115
4,98,115
4,98,115
4,98,115
4,98,115
4,98,115
4,98,115
4,98,115
4,98,115
4,98,115
4,98,115
4,98,115
4,98,115
4,98,115
4,98,115
4,98,115
4,98,115
4,98,115
4,98,115
4,98,115
4,98,115
4,98,115
4,98,115
4,98,116
4,98,116
4,98,116
4,98,116
4,98,116
4,98,116
4,98,116
4,98,116
4,98,116
4,98,116
4,98,116
4,98,116
4,98,116
4,98,116
4,98,116
4,98,116
4,98,116
4,98,116
4,98,116
4,98,116
4,98,116
4,98,116
4,98,116
4,98,116
4,98,116
4,98,116
4,98,116
4,98,116
4,98,116
4,98,116
4,98,116
4,98,116
4,98,116
4,98,116
4,98,116
4,98,116
4,98,116
4,98,116
4,98,116
4,98,116
4,98,116
4,98,116
4,98,116
4,99,116
4,99,116
4,99,116
4,99,116
4,99,116
4,99,116
4,99,116
4,99,116
4,99,116
4,99,116
4,99,116
4,99,116
4,99,116
4,99,116
4,99,116
4,99,116
4,99,116
4,99,116
4,99,86
4,99,86
4,99,86
4,99,85
4,99,85
4,99,85
4,99,85
4,99,85
4,99,85
4,99,85
4,99,84
4,99,84
4,99,84
4,99,84
4,99,84
4,99,84
4,99,83
4,99,83
4,99,83
4,99,83
4,99,83
4,99,83
4,99,83
4,99,82
4,99,82
4,99,82
4,99,82
4,99,82
4,99,82
4,62,81
4,61,81
4,61,81
4,133,81
#MOTOR_P2
5,69,127
5,69,127
5,69,127
5,69,127
5,69,127
5,70,127
5,70,127
5,70,127
5,70,127
5,70,127
5,70,127
5,70,127
5,70,127
5,70,127
5,70,127
5,71,127
5,71,127
5,71,127
5,71,127
5,71,127
5,71,127
1,71,127
1,71,127
1,71,127
1,72,127
1,72,127
1,72,126
1,72,126
1,72,126
1,72,126
1,72,126
1,72,126
1,72,126
1,73,126
1,73,126
1,73,126
1,73,126
1,73,126
1,73,126
1,73,126
1,73,126
1,73,126
1,73,126
1,74,126
1,74,126
1,74,126
1,74,126
1,74,126
1,74,126
1,74,126
1,74,126
1,74,126
1,75,126
1,75,126
1,75,126
1,75,126
1,75,126
1,75,126
1,75,126
1,75,126
1,75,126
1,76,126
1,76,126
1,76,126
1,76,126
1,76,126
1,76,126
1,76,126
1,76,126
1,76,126
1,76,126
1,77,126
1,77,126
1,77,126
1,77,126
1,77,125
1,77,125
1,77,125
1,77,125
1,77,125
1,78,125
1,78,125
1,78,125
1,78,125
1,78,125
1,78,125
1,78,125
1,78,125
1,78,125
1,79,125
1,79,125
1,79,125
1,79,125
1,79,125
1,79,125
1,79,125
1,79,125
1,79,125
1,79,125
1,80,125
1,80,125
1,80,125
1,80,125
1,80,125
1,80,125
1,80,125
1,80,125
1,80,125
1,81,125
1,81,125
1,81,125
2,81,125
2,81,125
2,81,125
2,81,125
2,81,125
2,81,125
2,81,125
2,82,125
2,82,125
2,82,125
2,82,125
2,82,125
2,82,124
2,82,124
2,82,124
2,82,124
2,83,124
2,83,124
2,83,124
2,83,124
2,83,124
2,83,124
2,83,124
2,83,124
2,83,124
2,84,124
2,84,124
2,84,124
2,84,124
2,84,124
2,84,124
2,84,124
2,84,124
2,84,124
2,84,124
2,85,124
2,85,124
2,85,124
2,85,124
2,85,124
2,85,124
2,85,124
2,85,124
2,85,124
2,86,124
2,86,124
2,86,124
2,86,124
2,86,124
2,86,124
2,86,124
2,86,124
2,86,124
2,87,124
2,87,124
2,87,124
2,87,124
2,87,124
2,87,124
2,87,124
2,87,124
2,87,123
2,87,123
2,88,123
2,88,123
2,88,123
2,88,123
2,88,123
2,88,123
2,88,123
2,88,123
2,88,123
2,89,123
2,89,123
2,89,123
2,89,123
2,89,123
2,89,123
2,89,123
2,89,123
2,89,123
2,90,123
2,90,123
2,90,123
2,90,123
2,90,123
2,90,123
2,90,123
2,90,123
2,90,123
2,90,123
2,91,123
2,91,123
2,91,123
2,91,123
2,91,123
2,91,123
2,91,123
3,91,123
3,91,123
3,92,123
3,92,123
3,92,123
3,92,123
3,92,123
3,92,123
3,92,123
3,92,123
3,92,123
3,92,122
3,93,122
3,93,122
3,93,122
3,93,122
3,93,122
3,93,122
3,93,122
3,93,122
3,93,122
3,94,122
3,94,122
3,94,122
3,94,122
3,94,122
3,94,122
3,94,122
3,94,122
3,94,122
3,95,122
3,95,122
3,95,122
3,95,122
3,95,122
3,95,122
3,95,122
3,95,122
3,95,122
3,95,122
3,96,122
3,96,122
3,96,122
3,96,122
3,96,122
3,96,122
3,96,122
3,96,122
3,96,122
3,97,122
3,97,122
3,97,122
3,97,122
3,97,122
3,97,122
3,97,122
3,97,122
3,97,122
3,98,122
3,98,122
3,98,121
3,98,121
3,98,121
3,98,121
3,98,121
3,98,121
3,98,121
3,98,121
3,99,121
3,99,121
3,99,121
3,99,121
3,99,121
3,99,121
3,99,121
3,99,121
3,99,121
3,100,121
3,100,121
3,100,121
3,100,120
3,100,120
3,100,120
3,100,120
3,100,120
3,100,120
3,101,120
3,101,120
3,101,120
3,101,120
3,101,120
3,101,120
3,101,120
3,101,120
3,101,120
3,101,120
3,102,120
3,102,120
3,102,120
3,102,120
3,102,120
3,102,120
3,102,121
3,103,121
3,103,121
3,103,121
3,103,121
3,103,121
3,103,121
3,103,121
3,103,121
3,103,121
3,103,121
3,103,121
3,103,121
3,103,121
3,103,121
3,103,121
3,103,121
3,103,121
3,103,121
3,103,121
3,103,121
3,103,121
3,103,121
3,103,121
3,103,121
3,103,121
3,103,121
3,103,121
3,103,121
3,103,121
3,103,121
3,103,121
3,103,121
3,103,121
3,103,121
3,103,121
3,103,121
3,104,121
3,104,121
3,104,121
3,104,121
3,104,122
3,104,122
3,104,122
3,104,122
3,104,122
3,104,122
3,104,122
3,104,122
3,104,122
3,104,122
3,104,122
3,104,122
3,104,122
3,104,122
3,104,122
3,104,122
3,104,122
3,104,122
3,104,122
3,104,122
3,104,122
3,104,122
3,104,122
3,104,122
3,104,122
3,104,122
4,104,122
4,104,122
4,104,122
4,104,122
4,104,122
4,104,122
4,105,122
4,105,122
4,105,122
4,105,122
4,105,122
4,105,122
4,105,122
4,105,122
4,105,122
4,105,122
4,105,122
4,105,123
4,106,123
4,106,123
4,106,123
4,106,123
4,106,123
4,106,123
4,106,123
4,106,123
4,106,123
4,106,123
4,106,123
4,106,123
4,106,123
4,106,123
4,106,123
4,106,123
4,106,123
4,106,123
4,106,123
4,106,123
4,106,123
4,106,123
4,106,123
4,106,123
4,106,123
4,106,123
4,106,123
4,106,123
4,106,123
4,106,123
4,106,123
4,106,123
4,106,123
4,106,123
4,106,123
4,106,123
4,106,123
4,106,123
4,106,123
4,106,123
4,106,124
4,106,124
4,106,124
4,106,124
4,106,124
4,106,124
4,106,124
4,106,124
4,106,124
4,106,124
4,106,124
4,106,124
4,106,124
4,106,124
4,106,124
4,106,124
4,106,124
4,106,124
4,106,124
4,106,124
4,106,124
4,106,124
4,106,124
4,106,124
4,106,124
4,106,124
4,106,124
4,106,124
4,106,124
4,106,124
4,106,124
4,106,124
4,106,124
4,106,124
4,106,124
4,106,124
4,106,124
4,106,124
4,106,124
4,106,124
4,106,124
4,106,124
4,106,124
4,106,125
4,106,125
4,106,125
4,106,125
4,106,125
4,107,125
4,107,125
4,107,125
4,107,125
4,107,125
4,107,125
4,107,125
4,108,125
4,108,125
4,108,125
4,108,125
4,108,125
4,108,125
4,108,125
4,108,125
4,108,125
4,108,125
4,108,125
4,108,125
4,108,125
4,109,125
4,109,125
4,109,125
4,109,125
4,109,125
4,109,125
4,109,125
4,109,125
4,109,125
4,109,125
4,109,125
4,109,125
4,109,125
4,109,125
4,109,125
4,109,125
4,109,126
4,109,126
4,109,126
4,109,126
4,109,126
4,109,126
4,109,126
4,109,126
4,109,126
4,109,126
4,109,126
4,109,126
4,109,126
4,109,126
4,109,126
4,109,126
4,109,126
4,109,126
4,109,126
4,109,126
4,109,126
4,109,126
4,109,127
4,109,127
4,109,127
4,109,127
4,109,127
4,109,127
4,109,127
4,109,127
4,109,127
4,109,127
4,109,127
4,109,127
4,109,127
4,109,127
4,109,127
4,109,127
4,109,127
4,109,127
4,109,127
4,109,127
4,109,127
4,109,127
4,110,127
4,110,127
4,110,127
4,110,127
4,110,127
4,110,127
4,110,127
4,110,127
4,110,127
4,110,127
4,110,127
4,110,127
4,110,127
4,110,127
4,110,127
4,110,127
4,110,127
4,110,127
4,110,127
4,110,127
4,110,127
4,110,127
4,110,127
4,110,127
4,110,127
4,110,127
4,110,127
4,110,127
4,110,127
4,110,127
4,110,127
4,110,127
4,110,127
4,110,127
4,110,127
4,110,127
4,111,127
4,111,127
4,111,127
4,111,127
4,111,127
4,111,127
4,111,127
4,111,127
4,111,127
4,111,127
4,111,127
4,111,127
4,111,127
4,111,127
4,111,127
4,111,127
4,111,127
4,111,127
4,111,127
4,111,127
4,111,127
4,111,127
4,111,127
4,111,127
4,111,127
4,111,127
4,111,127
4,111,127
4,111,127
4,111,127
4,111,127
4,111,127
4,111,127
4,111,127
4,111,127
4,111,127
4,111,127
4,111,127
4,111,127
4,111,127
4,111,127
4,111,127
4,111,127
4,111,127
4,111,127
4,111,127
4,111,127
4,111,127
4,111,127
4,111,127
4,111,127
4,111,127
4,111,127
4,111,127
4,111,127
4,111,127
4,111,127
4,111,127
4,111,127
4,111,127
4,111,127
4,111,127
4,111,127
4,111,127
4,111,127
4,111,127
4,111,127
4,111,127
4,111,127
4,111,127
4,111,127
4,111,127
4,111,127
4,111,127
4,111,127
4,111,127
4,111,127
4,111,127
4,111,127
4,111,127
4,111,127
4,111,127
4,111,127
4,111,127
4,111,127
4,111,127
4,111,127
4,111,127
4,111,127
4,111,127
4,111,127
4,111,127
4,111,127
4,111,127
4,111,127
4,111,127
4,111,127
4,111,127
4,111,127
4,111,127
4,111,127
4,111,127
4,111,127
4,111,127
4,111,127
4,111,127
4,111,127
4,111,127
4,111,127
4,111,127
4,111,127
4,111,127
4,111,127
4,111,127
4,111,127
4,111,127
4,111,127
4,111,127
4,111,127
4,111,127
4,111,127
4,111,127
4,111,127
4,111,127
4,111,127
4,111,127
4,111,127
4,111,127
4,111,127
4,111,127
4,111,127
4,111,127
4,111,127
4,111,127
4,111,127
4,111,127
4,111,127
4,111,127
4,111,127
4,111,127
4,111,127
4,111,127
4,111,127
4,111,127
4,111,127
4,111,127
4,111,127
4,111,127
4,111,127
4,111,127
4,111,127
4,111,127
4,111,127
4,111,127
4,111,127
4,111,127
4,111,127
4,111,127
4,111,127
4,111,127
4,111,127
4,111,127
4,111,127
4,111,127
4,111,127
4,111,127
4,111,127
4,111,127
4,111,127
4,111,127
4,111,127
4,111,127
4,111,127
4,111,127
4,111,127
4,111,127
4,111,127
4,111,127
4,111,127
4,111,127
4,111,127
4,111,127
4,111,127
4,111,127
4,111,127
4,111,127
4,111,127
4,111,127
4,111,127
4,111,127
4,111,127
4,111,127
4,111,127
4,111,127
4,111,127
4,111,127
4,111,127
4,111,127
4,111,67
4,111,66
#MOTOR_B1
0,10,0
0,10,0
0,10,0
0,10,0
0,10,0
0,10,0
0,10,0
0,10,0
0,10,0
0,10,0
0,10,0
0,10,0
0,10,0
0,10,0
0,10,0
0,10,0
0,10,0
0,10,0
0,10,0
0,10,0
0,10,0
0,10,0
0,10,0
0,10,1
0,11,2
0,11,2
0,12,3
0,12,4
0,13,4
0,13,5
0,14,6
0,14,7
0,14,8
0,15,8
0,15,9
0,16,10
0,16,10
0,17,11
0,17,12
0,18,13
0,18,14
0,18,14
0,19,15
0,19,16
0,20,16
0,20,17
0,21,18
0,21,19
0,22,20
0,22,20
0,22,21
0,23,22
0,23,22
0,24,23
0,24,24
0,25,25
0,25,26
0,26,26
0,26,27
0,26,28
0,27,28
0,27,29
0,28,30
0,28,31
0,29,32
0,29,32
0,30,33
0,30,34
0,30,34
0,31,35
0,31,36
0,32,37
0,32,38
0,33,38
0,33,39
0,34,40
0,34,40
0,34,41
0,35,42
0,35,43
0,36,44
0,36,44
0,37,45
0,37,46
0,38,46
0,38,47
0,39,48
0,39,49
0,39,50
0,40,50
0,40,51
0,41,52
0,41,52
0,42,53
0,42,54
0,43,55
0,43,56
0,43,56
0,44,57
0,44,58
0,45,58
0,45,59
0,46,60
0,46,61
0,47,62
0,47,62
0,47,63
0,48,64
0,48,64
0,49,65
0,49,66
0,50,67
0,50,68
0,51,68
0,51,69
0,51,70
0,52,70
0,52,71
0,53,72
0,53,73
0,54,74
0,54,74
0,55,75
0,55,76
0,55,76
0,56,77
0,56,78
0,57,79
0,57,80
0,58,80
0,58,81
0,59,82
0,59,82
0,59,83
0,60,84
0,60,85
0,61,86
0,61,86
0,62,87
0,62,88
0,63,88
0,63,89
0,63,90
0,64,91
0,64,92
0,65,92
0,65,93
0,66,94
0,66,94
0,67,95
0,67,96
0,67,95
0,68,95
0,68,94
0,69,93
0,69,93
0,70,92
0,70,92
0,71,91
0,71,90
0,71,90
0,72,89
0,72,88
0,73,88
0,73,87
0,74,86
0,74,86
0,74,85
0,75,84
0,75,84
0,76,83
0,76,83
0,77,82
0,77,81
0,78,81
0,78,80
0,78,79
0,79,79
0,79,78
0,80,77
0,80,77
0,81,76
0,81,76
0,82,75
0,82,74
0,82,74
0,83,73
0,83,72
0,84,72
0,84,71
0,85,70
0,85,70
0,85,69
0,86,68
0,86,68
0,87,67
0,87,67
0,88,66
0,88,65
0,89,65
0,89,64
0,89,63
0,90,63
0,90,62
0,91,61
0,91,61
0,92,60
0,92,60
0,93,59
0,93,58
0,93,58
0,94,57
0,94,56
0,95,56
0,95,55
0,96,54
0,96,54
0,96,53
0,97,52
0,97,52
0,98,51
0,98,51
0,99,50
0,99,49
0,100,49
0,100,48
0,100,47
0,101,47
0,101,46
0,102,45
0,102,45
0,103,44
0,103,44
0,104,43
0,104,42
0,104,42
0,105,41
0,105,40
0,106,40
0,106,39
0,107,38
0,107,38
0,107,37
0,108,36
0,108,36
0,109,35
0,109,35
0,110,34
0,110,33
0,111,33
0,111,32
0,111,31
0,112,31
0,112,30
0,113,29
0,113,29
0,114,28
0,114,28
0,115,27
0,115,26
0,115,26
0,116,25
0,116,24
0,117,24
0,117,23
0,118,22
0,118,22
0,118,21
0,119,20
0,119,20
0,120,19
0,120,19
0,121,18
0,121,17
0,122,17
0,122,16
0,122,15
0,123,15
0,123,14
0,124,13
0,124,13
0,125,12
0,125,12
0,126,11
0,126,10
0,126,10
0,127,9
0,127,8
0,128,8
0,128,7
0,129,6
0,129,6
0,129,5
0,130,4
0,130,4
0,131,3
0,131,3
0,132,2
0,132,1
0,133,1
0,133,0
0,133,0
0,133,0
0,133,0
0,133,0
0,133,0
0,133,0
0,133,0
0,133,0
0,133,0
0,133,0
0,133,0
0,133,0
0,133,0
0,133,0
0,133,0
0,133,0
0,133,0
0,133,0
0,133,0
0,133,0
0,133,0
0,133,0
0,133,0
0,133,0
0,133,0
0,133,0
0,133,0
0,133,0
0,133,0
0,133,0
0,133,0
0,133,0
0,133,0
0,133,0
0,133,0
0,133,0
0,133,0
0,133,0
0,133,0
0,133,0
0,133,0
0,133,0
0,133,0
0,133,0
0,133,0
0,133,0
0,133,0
0,133,0
0,133,0
0,133,0
0,133,0
0,133,0
0,133,0
0,133,0
0,133,0
0,133,0
0,133,0
0,133,0
0,133,0
0,133,0
0,133,0
0,133,0
0,133,0
0,133,0
0,133,0
0,133,0
0,133,0
0,133,0
0,133,0
0,133,0
0,133,0
0,133,0
0,133,0
0,133,0
0,133,0
0,133,0
0,133,0
0,133,0
0,133,0
0,133,0
0,133,0
0,133,0
0,133,0
0,133,0
0,133,0
0,133,0
0,133,0
0,133,0
0,133,0
0,133,0
0,133,0
0,133,0
0,133,0
0,133,0
0,133,0
0,133,0
0,133,0
0,133,0
0,133,0
0,133,0
0,133,0
0,133,0
0,133,0
0,133,0
0,133,0
0,133,0
0,133,0
0,133,0
0,133,0
0,133,0
0,133,0
0,133,0
0,133,0
0,133,0
0,133,0
0,133,0
0,133,0
0,133,0
0,133,0
0,133,0
0,133,0
0,133,0
0,133,0
0,133,0
0,133,0
0,133,0
0,133,0
0,133,0
0,133,0
0,133,0
0,133,0
0,133,0
0,133,0
0,133,0
0,133,0
0,133,0
0,133,0
0,133,0
0,133,0
0,133,0
0,133,0
0,133,0
0,133,0
0,133,0
0,133,0
0,133,0
0,133,0
0,133,0
0,133,0
0,133,0
0,133,0
0,133,0
0,133,0
0,133,0
0,133,0
0,133,0
0,133,0
0,133,0
0,133,0
0,133,0
0,133,0
0,133,0
0,133,0
0,133,0
0,133,0
0,133,0
0,133,0
0,133,0
0,133,0
0,133,0
0,133,0
0,133,0
0,133,0
0,133,0
0,133,0
0,133,0
0,133,0
0,133,0
0,133,0
0,133,0
0,133,0
0,133,0
0,133,0
0,133,0
0,133,0
0,133,0
0,133,0
0,133,0
0,133,0
0,133,0
0,133,0
0,133,0
0,133,0
0,133,0
0,133,0
0,133,0
0,133,0
0,133,0
0,133,0
0,133,0
0,133,0
0,133,0
0,133,0
0,133,0
0,133,0
0,133,0
0,133,0
0,133,0
0,133,0
0,133,0
0,133,0
0,133,0
0,133,0
0,133,0
0,133,0
0,133,0
0,133,0
0,133,0
0,133,0
0,133,0
0,133,0
0,133,0
0,133,0
0,133,0
0,133,0
0,133,0
0,133,0
0,133,0
0,133,0
0,133,0
0,133,0
0,133,0
0,133,0
0,133,0
0,133,0
0,133,0
0,133,0
0,133,0
0,133,0
0,133,0
0,133,0
0,133,0
0,133,0
0,133,0
0,133,0
0,133,0
0,133,0
0,133,0
0,133,0
0,133,0
0,133,0
0,133,0
0,133,0
0,133,0
0,133,0
0,133,0
0,133,0
0,133,0
0,133,0
0,133,0
0,133,0
0,133,0
0,133,0
0,133,0
0,133,0
0,133,0
0,133,0
0,133,0
0,133,0
0,133,0
0,133,0
0,133,0
0,133,0
0,133,0
0,133,0
0,133,0
0,133,0
0,133,0
0,133,0
0,133,0
0,133,0
0,133,0
0,133,0
0,133,0
0,133,0
0,133,0
0,133,0
0,133,0
0,133,0
0,133,0
0,133,0
0,133,0
0,133,0
0,133,0
0,133,0
0,133,0
0,133,0
0,133,0
0,133,0
0,133,0
0,133,0
0,133,0
0,133,0
0,133,0
0,133,0
0,133,0
0,133,0
0,133,0
0,133,0
0,133,0
0,133,0
0,133,0
0,133,0
0,133,0
0,133,0
0,133,0
0,133,0
0,133,0
0,133,0
0,133,0
0,133,0
0,133,0
0,133,0
0,133,0
0,133,0
0,133,0
0,133,0
0,133,0
0,133,0
0,133,0
0,133,0
0,133,0
0,133,0
0,133,0
0,133,0
0,133,0
0,133,0
0,133,0
0,133,0
0,133,0
0,133,0
0,133,0
0,133,0
0,133,0
0,133,0
0,133,0
0,133,0
0,133,0
0,133,0
0,133,0
0,133,0
0,133,0
0,133,0
0,133,0
0,133,0
0,133,0
0,133,0
0,133,0
0,133,0
0,133,0
0,133,0
0,133,0
0,133,0
0,133,0
0,133,0
0,133,0
0,133,0
0,133,0
0,133,0
0,133,0
0,133,0
0,133,0
0,133,0
0,133,0
0,133,0
0,133,0
0,133,0
0,133,0
0,133,0
0,133,0
0,133,0
0,133,0
0,133,0
0,133,0
0,133,0
0,133,0
0,133,0
0,133,0
0,133,0
0,133,0
0,133,0
0,133,0
0,133,0
0,133,0
0,133,0
0,133,0
0,133,0
0,133,0
0,133,0
0,133,0
0,133,0
0,133,0
0,133,0
0,133,0
0,133,0
0,133,0
0,133,0
0,133,0
0,133,0
0,133,0
0,133,0
0,133,0
0,133,0
0,133,0
0,133,0
0,133,0
0,133,0
0,133,0
0,133,0
0,133,0
0,133,0
0,133,0
0,133,0
0,133,0
0,133,0
0,133,0
0,133,0
0,133,0
0,133,0
0,133,0
0,133,0
0,133,0
0,133,0
0,133,0
0,133,0
0,133,0
0,133,0
0,133,0
0,133,0
0,133,0
0,133,0
0,133,0
0,133,0
0,133,0
0,133,0
0,133,0
0,133,0
0,133,0
0,133,0
0,133,0
0,133,0
0,133,0
0,133,0
0,133,0
0,133,0
0,133,0
0,133,0
0,133,0
0,133,0
0,133,0
0,133,0
0,133,0
0,133,0
0,133,0
0,133,0
0,133,0
0,133,0
0,133,0
0,133,0
0,133,0
0,133,0
0,133,0
0,133,0
0,133,0
0,133,0
0,133,0
0,133,0
0,133,0
0,133,0
0,133,0
0,133,0
0,133,0
0,133,0
0,133,0
0,133,0
0,133,0
0,133,0
0,133,0
0,133,0
0,133,0
0,133,0
0,133,0
0,133,0
0,133,0
0,133,0
0,133,0
0,133,0
0,133,0
0,133,0
#MOTOR_B2
1,10,0
1,10,0
1,10,0
1,10,0
1,10,0
1,10,0
1,10,0
1,10,0
1,10,0
1,10,0
1,10,0
1,10,0
1,10,0
1,10,0
1,10,0
1,10,0
1,10,0
1,10,0
1,10,0
1,10,0
1,10,0
1,10,0
1,10,0
1,10,0
1,10,0
1,10,0
1,10,0
1,10,0
1,10,0
1,10,0
1,10,0
1,10,0
1,10,0
1,10,0
1,10,0
1,10,0
1,10,0
1,10,0
1,10,0
1,10,0
1,10,0
1,10,0
1,10,0
1,10,0
1,10,0
1,10,0
1,10,0
1,10,1
1,11,1
1,11,2
1,11,2
1,11,3
1,12,3
1,12,4
1,12,4
1,12,5
1,12,5
1,13,6
1,13,6
1,13,7
1,13,7
1,14,8
1,14,8
1,14,9
1,14,9
1,14,10
1,15,10
1,15,11
1,15,11
1,15,12
1,16,12
1,16,13
1,16,13
1,16,14
1,16,14
1,17,15
1,17,15
1,17,16
1,17,16
1,18,17
1,18,17
1,18,18
1,18,18
1,18,19
1,19,19
1,19,20
1,19,20
1,19,21
1,20,21
1,20,22
1,20,22
1,20,23
1,21,23
1,21,24
1,21,24
1,21,25
1,21,25
1,22,26
1,22,26
1,22,27
1,22,27
1,23,28
1,23,28
1,23,29
1,23,29
1,23,30
1,24,30
1,24,31
1,24,31
1,24,32
1,25,32
1,25,33
1,25,33
1,25,34
1,25,34
1,26,35
1,26,35
1,26,36
1,26,36
1,27,37
1,27,37
1,27,38
1,27,38
1,27,39
1,28,39
1,28,40
1,28,40
1,28,41
1,29,41
1,29,42
1,29,42
1,29,43
1,29,43
1,30,44
1,30,44
1,30,45
1,30,45
1,31,46
1,31,46
1,31,47
1,31,47
1,31,48
1,32,48
1,32,49
1,32,49
1,32,50
1,33,50
1,33,51
1,33,51
1,33,52
1,33,52
1,34,53
1,34,53
1,34,54
1,34,54
1,35,55
1,35,55
1,35,56
1,35,56
1,35,57
1,36,57
1,36,58
1,36,58
1,36,59
1,37,59
1,37,60
1,37,60
1,37,61
1,37,61
1,38,62
1,38,62
1,38,63
1,38,63
1,39,64
1,39,64
1,39,65
1,39,65
1,40,66
1,40,66
1,40,67
1,40,67
1,40,68
1,41,68
1,41,69
1,41,69
1,41,70
1,42,70
1,42,71
1,42,71
1,42,72
1,42,72
1,43,73
1,43,73
1,43,74
1,43,74
1,44,75
1,44,75
1,44,76
1,44,76
1,44,77
1,45,77
1,45,78
1,45,78
1,45,79
1,46,79
1,46,80
1,46,80
1,46,81
1,46,81
1,47,82
1,47,82
1,47,83
1,47,83
1,48,84
1,48,84
1,48,85
1,48,85
1,48,86
1,49,86
1,49,87
1,49,87
1,49,88
1,50,88
1,50,89
1,50,89
1,50,90
1,50,90
1,51,91
1,51,91
1,51,92
1,51,92
1,52,93
1,52,93
1,52,94
1,52,94
1,52,95
1,53,95
1,53,96
1,53,96
1,53,97
1,54,97
1,54,98
1,54,98
1,54,99
1,54,99
1,55,100
1,55,100
1,55,101
1,55,101
1,56,102
1,56,102
1,56,103
1,56,103
1,56,104
1,57,104
1,57,105
1,57,105
1,57,106
1,58,106
1,58,107
1,58,107
1,58,108
1,59,108
1,59,109
1,59,109
1,59,110
1,59,110
1,60,111
1,60,111
1,60,112
1,60,112
1,61,113
1,61,113
1,61,114
1,61,114
1,61,115
1,62,115
1,62,116
1,62,116
1,62,117
1,63,117
1,63,118
1,63,118
1,63,119
1,63,119
1,64,120
1,64,120
1,64,121
1,64,121
1,65,122
1,65,122
1,65,123
1,65,123
1,65,124
1,66,124
1,66,125
1,66,125
1,66,126
1,67,126
1,67,127
1,67,127
1,67,127
1,67,126
1,68,126
1,68,126
1,68,125
1,68,125
1,69,125
1,69,124
1,69,124
1,69,123
1,69,123
1,70,123
1,70,122
1,70,122
1,70,122
1,71,121
1,71,121
1,71,121
1,71,120
1,71,120
1,72,120
1,72,119
1,72,119
1,72,119
1,73,118
1,73,118
1,73,117
1,73,117
1,73,117
1,74,116
1,74,116
1,74,116
1,74,115
1,75,115
1,75,115
1,75,114
1,75,114
1,75,114
1,76,113
1,76,113
1,76,113
1,76,112
1,77,112
1,77,111
1,77,111
1,77,111
1,77,110
1,78,110
1,78,110
1,78,109
1,78,109
1,79,109
1,79,108
1,79,108
1,79,108
1,79,107
1,80,107
1,80,107
1,80,106
1,80,106
1,81,105
1,81,105
1,81,105
1,81,104
1,81,104
1,82,104
1,82,103
1,82,103
1,82,103
1,83,102
1,83,102
1,83,102
1,83,101
1,83,101
1,84,101
1,84,100
1,84,100
1,84,99
1,85,99
1,85,99
1,85,98
1,85,98
1,85,98
1,86,97
1,86,97
1,86,97
1,86,96
1,87,96
1,87,96
1,87,95
1,87,95
1,87,95
1,88,94
1,88,94
1,88,93
1,88,93
1,89,93
1,89,92
1,89,92
1,89,92
1,89,91
1,90,91
1,90,91
1,90,90
1,90,90
1,91,90
1,91,89
1,91,89
1,91,89
1,91,88
1,92,88
1,92,87
1,92,87
1,92,87
1,93,86
1,93,86
1,93,86
1,93,85
1,93,85
1,94,85
1,94,84
1,94,84
1,94,84
1,95,83
1,95,83
1,95,83
1,95,82
1,95,82
1,96,81
1,96,81
1,96,81
1,96,80
1,97,80
1,97,80
1,97,79
1,97,79
1,97,79
1,98,78
1,98,78
1,98,78
1,98,77
1,99,77
1,99,77
1,99,76
1,99,76
1,99,75
1,100,75
1,100,75
1,100,74
1,100,74
1,101,74
1,101,73
1,101,73
1,101,73
1,101,72
1,102,72
1,102,72
1,102,71
1,102,71
1,103,71
1,103,70
1,103,70
1,103,69
1,103,69
1,104,69
1,104,68
1,104,68
1,104,68
1,105,67
1,105,67
1,105,67
1,105,66
1,105,66
1,106,66
1,106,65
1,106,65
1,106,65
1,107,64
1,107,64
1,107,64
1,107,63
1,107,63
1,108,62
1,108,62
1,108,62
1,108,61
1,109,61
1,109,61
1,109,60
1,109,60
1,109,60
1,110,59
1,110,59
1,110,59
1,110,58
1,111,58
1,111,58
1,111,57
1,111,57
1,111,56
1,112,56
1,112,56
1,112,55
1,112,55
1,113,55
1,113,54
1,113,54
1,113,54
1,113,53
1,114,53
1,114,53
1,114,52
1,114,52
1,115,52
1,115,51
1,115,51
1,115,50
1,115,50
1,116,50
1,116,49
1,116,49
1,116,49
1,117,48
1,117,48
1,117,48
1,117,47
1,117,47
1,118,47
1,118,46
1,118,46
1,118,46
1,119,45
1,119,45
1,119,44
1,119,44
1,119,44
1,120,43
1,120,43
1,120,43
1,120,42
1,121,42
1,121,42
1,121,41
1,121,41
1,121,41
1,122,40
1,122,40
1,122,40
1,122,39
1,123,39
1,123,38
1,123,38
1,123,38
1,123,37
1,124,37
1,124,37
1,124,36
1,124,36
1,125,36
1,125,35
1,125,35
1,125,35
1,125,34
1,126,34
1,126,34
1,126,33
1,126,33
1,127,32
1,127,32
1,127,32
1,127,31
1,127,31
1,128,31
1,128,30
1,128,30
1,128,30
1,129,29
1,129,29
1,129,29
1,129,28
1,129,28
1,130,28
1,130,27
1,130,27
1,130,26
1,131,26
1,131,26
1,131,25
1,131,25
1,131,25
1,132,24
1,132,24
1,132,24
1,132,23
1,133,23
1,133,23
1,133,22
1,133,22
1,133,22
1,134,21
1,134,21
1,134,20
1,134,20
1,135,20
1,135,19
1,135,19
1,135,19
1,135,18
1,136,18
1,136,18
1,136,17
1,136,17
1,137,17
1,137,16
1,137,16
1,137,16
1,137,15
1,138,15
1,138,14
1,138,14
1,138,14
1,139,13
1,139,13
1,139,13
1,139,12
1,139,12
1,140,12
1,140,11
1,140,11
1,140,11
1,141,10
1,141,10
1,141,10
1,141,9
1,141,9
1,142,8
1,142,8
1,142,8
1,142,7
1,143,7
1,143,7
1,143,6
1,143,6
1,143,6
1,144,5
1,144,5
1,144,5
1,144,4
1,145,4
1,145,4
1,145,3
1,145,3
1,145,2
1,146,2
1,146,2
1,146,1
1,146,1
1,147,1
1,147,0
1,147,0
1,147,0
1,147,0
1,147,0
1,147,0
1,147,0
1,147,0
1,147,0
1,147,0
1,147,0
1,147,0
1,147,0
1,147,0
1,147,0
1,147,0
1,147,0
1,147,0
1,147,0
1,147,0
1,147,0
1,147,0
1,147,0
1,147,0
1,147,0
1,147,0
1,147,0
1,147,0
1,147,0
1,147,0
1,147,0
1,147,0
1,147,0
1,147,0
1,147,0
1,147,0
1,147,0
1,147,0
1,147,0
1,147,0
1,147,0
1,147,0
1,147,0
1,147,0
1,147,0
1,147,0
1,147,0
1,147,0
1,147,0
1,147,0
1,147,0
1,147,0
1,147,0
1,147,0
1,147,0
1,147,0
1,147,0
1,147,0
1,147,0
1,147,0
1,147,0
1,147,0
1,147,0
1,147,0
1,147,0
1,147,0
1,147,0
1,147,0
1,147,0
1,147,0
1,147,0
1,147,0
1,147,0
1,147,0
1,147,0
1,147,0
1,147,0
1,147,0
1,147,0
1,147,0
1,147,0
1,147,0
1,147,0
1,147,0
1,147,0
1,147,0
1,147,0
1,147,0
1,147,0
1,147,0
1,147,0
1,147,0
1,147,0
1,147,0
1,147,0
1,147,0
1,147,0
1,147,0
1,147,0
1,147,0
1,147,0
1,147,0
1,147,0
1,147,0
1,147,0
1,147,0
1,147,0
1,147,0
1,147,0
1,147,0
1,147,0
1,147,0
1,147,0
1,147,0
1,147,0
1,147,0
1,147,0
1,147,0
1,147,0
1,147,0
1,147,0
1,147,0
1,147,0
1,147,0
1,147,0
1,147,0
1,147,0
1,147,0
1,147,0
1,147,0
1,147,0
1,147,0
1,147,0
1,147,0
1,147,0
1,147,0
1,147,0
1,147,0
1,147,0
1,147,0
1,147,0
